100 570
33 42 87.667683
99 19 55.936818
12 84 77.191901
68 84 79.018262
72 31 93.544111
49 76 52.035671
64 36 66.703565
80 33 63.827873
60 77 57.992138
93 65 70.894843
59 99 67.836146
89 51 62.769024
53 61 65.023519
79 31 77.653812
32 3 72.473782
69 98 95.118682
84 73 68.357213
99 45 55.408028
58 37 74.131952
48 47 73.208421
5 93 91.796886
94 22 57.968730
65 59 75.628679
3 55 84.037195
55 75 63.711639
34 60 52.772297
75 7 90.950615
59 6 68.808847
11 85 71.174204
89 56 80.550339
99 14 60.413300
19 78 58.841886
5 69 86.487157
43 90 87.605202
19 16 87.860148
6 34 80.031268
33 75 89.640872
7 30 54.563714
20 19 93.859141
56 75 97.633010
31 62 75.458556
30 4 61.695287
85 2 60.402034
13 42 90.482075
74 28 89.349099
81 22 82.875816
17 64 85.600757
75 74 57.706312
44 66 88.283844
58 77 59.732709
79 70 80.914733
95 26 80.080730
30 17 67.701439
1 76 56.543412
66 60 64.117925
72 35 81.413078
33 30 59.315708
8 61 55.068540
71 12 50.221924
47 68 80.489912
30 66 85.618879
67 16 60.635225
71 9 89.331798
17 10 72.106037
52 91 98.240426
20 57 77.191947
55 47 52.137305
82 24 87.881299
52 7 81.755660
48 38 95.996446
43 7 85.514309
31 37 57.214217
39 25 57.691733
23 51 95.916343
93 45 97.696292
17 23 97.040832
23 16 78.792159
58 11 83.297049
12 9 54.747144
41 55 67.076003
58 71 93.029758
56 47 85.661877
5 21 97.156733
10 48 60.731196
74 7 92.205288
63 40 61.274658
29 3 92.144274
64 21 51.520997
49 53 66.343198
36 90 92.366198
63 68 82.010908
17 47 51.962078
90 78 53.001423
69 4 71.342707
55 51 74.068114
73 33 51.241849
56 49 98.534653
46 31 76.205419
83 44 89.123148
4 57 80.290313
0 96 72.201865 24.041631
0 90 74.637456 39.698866
0 82 87.504530 35.000000
0 71 79.893598 5.385165
0 70 70.553799 36.400549
0 69 85.200822 15.524175
0 61 76.934430 42.801869
0 59 99.345959 29.529646
0 49 68.497870 43.011626
0 37 81.681574 28.635642
0 22 66.421962 36.235342
1 84 61.527628 27.730849
1 77 67.343451 41.773197
1 74 63.578695 26.683328
1 72 72.258825 60.299254
1 56 59.548739 66.910388
1 51 74.853353 8.062258
1 42 64.403099 22.022716
1 21 61.069736 5.830952
1 11 91.196551 33.526109
2 96 56.769297 56.222771
2 73 93.080644 34.785054
2 66 93.158629 56.727418
2 65 59.770720 28.160256
2 58 64.423351 93.085982
2 20 67.226743 11.401754
3 96 61.012569 37.000000
3 94 62.958004 35.468296
3 90 93.432162 16.763055
3 89 50.135716 32.557641
3 73 93.248317 55.803226
3 66 65.634027 39.217343
3 59 74.773172 26.400758
3 50 80.752847 17.804494
3 25 95.527625 41.617304
3 16 95.326972 19.416488
3 6 65.953669 48.166378
4 88 72.462055 31.827661
4 87 94.672931 12.806248
4 85 84.451540 12.727922
4 77 54.143630 24.413111
4 66 61.094893 23.345235
4 65 95.979168 58.137767
4 62 71.487080 22.022716
4 50 74.673587 39.623226
4 26 68.237993 24.186773
4 22 81.035820 28.861739
4 7 99.526940 8.246211
4 6 82.641091 9.433981
5 93 92.105555 74.726167
5 79 90.723492 22.472205
5 39 89.410388 7.071068
5 35 85.186199 60.108236
5 31 83.882121 30.066593
5 24 99.181108 6.082763
5 16 99.609550 35.128336
5 12 51.108864 15.524175
5 8 60.193676 11.045361
5 7 62.567554 53.009433
6 98 94.541027 20.615528
6 85 60.329392 4.123106
6 73 55.815871 43.657760
6 72 60.175054 27.313001
6 69 85.102565 16.124515
6 61 86.568719 20.223748
6 58 55.702679 25.000000
6 56 80.429537 31.575307
6 55 52.522388 8.062258
6 54 78.164735 24.083189
6 50 75.102468 37.161808
6 45 86.973928 22.022716
6 42 82.308364 39.962482
6 36 86.197360 49.819675
6 22 82.953096 23.021729
6 7 53.795445 16.278821
7 95 60.870948 7.000000
7 93 51.191088 31.016125
7 77 84.831264 31.112698
7 74 60.397888 17.691806
7 55 83.832180 8.246211
7 54 76.936820 30.413813
7 44 51.121380 7.810250
7 37 73.242568 73.061618
7 27 62.123019 34.205263
7 25 85.003501 53.338541
7 24 72.423675 48.877398
7 10 61.732569 69.260378
8 98 86.112366 40.224371
8 90 82.617351 9.486833
8 88 74.300123 26.400758
8 80 80.653392 6.324555
8 60 92.946744 31.953091
8 59 80.115994 15.811388
8 55 90.828447 43.680659
8 39 78.049309 4.472136
8 36 66.684713 27.073973
9 85 96.531126 39.051248
9 79 58.478846 52.952809
9 60 69.207101 63.007936
9 55 74.695861 36.619667
9 28 83.581313 84.403791
9 12 56.181028 40.199502
9 11 57.004225 14.560220
9 10 69.778673 48.083261
10 83 89.134124 70.724819
10 80 60.799670 28.017851
10 65 80.649621 57.314920
10 64 90.325213 10.630146
10 59 95.630934 33.241540
10 49 91.047509 22.022716
10 28 74.157392 50.000000
10 22 72.567753 40.447497
10 16 92.168889 36.069378
11 92 97.399960 27.018512
11 81 84.690772 33.241540
11 61 77.172390 41.340053
11 53 69.823635 91.482239
11 50 96.423341 21.470911
11 49 63.284756 40.459857
11 48 52.440986 47.434165
11 29 70.723464 5.000000
11 26 93.938148 46.173586
11 24 95.387730 41.617304
11 19 50.839458 41.194660
11 17 84.766594 11.661904
12 80 73.437039 11.180340
12 59 67.524170 9.219544
12 32 81.297720 48.662100
12 28 81.915885 48.373546
12 22 86.731271 12.165525
13 96 55.993581 29.206164
13 95 65.497198 6.324555
13 90 92.912299 40.311289
13 87 62.997806 18.027756
13 74 85.275872 19.798990
13 70 82.046423 43.266615
13 67 73.797475 7.615773
13 62 65.925492 23.409400
13 59 72.371636 48.918299
13 55 69.428409 8.062258
13 51 56.973001 16.763055
13 48 96.529028 49.497475
13 45 91.996163 9.219544
13 26 99.141890 24.331050
14 82 93.928988 32.449961
14 70 76.686935 11.704700
14 68 76.314280 20.396078
14 65 63.752623 55.317267
14 63 73.110276 16.552945
14 61 89.599036 37.336309
14 44 66.193609 48.877398
14 18 93.833740 42.801869
15 86 83.537184 103.077641
15 79 61.581339 51.312766
15 50 94.673198 29.732137
15 49 68.303778 23.706539
15 48 85.018378 40.607881
15 40 62.197368 52.345009
15 36 99.601499 42.720019
16 90 66.934263 21.587033
16 80 98.928639 26.076810
16 74 55.595080 29.410882
16 60 82.431461 54.451814
16 59 91.840939 37.336309
16 54 68.592885 22.203603
16 50 67.707333 5.830952
16 40 73.887362 54.129474
16 39 92.390360 28.071338
16 29 83.632825 17.720045
17 96 96.258998 43.185646
17 92 61.818770 34.205263
17 85 90.605827 36.345564
17 74 92.788026 6.000000
17 45 53.814932 29.206164
17 30 89.747717 31.000000
18 97 86.717014 13.416408
18 96 80.501867 12.165525
18 94 66.061997 14.317821
18 92 50.469637 52.009614
18 81 53.612143 10.198039
18 79 55.661033 24.758837
18 77 66.663246 26.000000
18 59 97.445883 32.893768
18 56 89.198217 25.961510
18 55 78.244585 14.142136
18 41 92.119081 43.278170
18 40 57.501995 36.796739
18 36 63.262963 45.486262
18 28 54.316449 67.178866
18 20 57.103494 77.103826
19 98 80.197226 35.128336
19 97 53.245088 16.124515
19 95 62.698574 28.653098
19 94 62.628687 8.062258
19 88 95.086027 6.082763
19 40 81.291459 22.671568
19 37 80.336020 44.384682
19 36 68.973389 31.764760
19 35 73.681819 43.965896
19 27 63.968845 42.449971
19 24 65.232388 28.861739
19 22 85.500589 20.808652
20 73 54.574671 45.694639
20 58 58.020414 104.484449
20 53 89.315521 17.464249
20 40 94.322388 40.459857
20 32 94.737428 24.000000
20 25 69.817388 43.931765
20 22 60.384386 68.963759
21 98 95.207065 24.596748
21 95 73.429531 23.706539
21 74 66.045419 23.021729
21 61 61.870311 27.658633
21 58 70.875414 25.079872
21 45 55.243636 13.000000
21 44 90.114895 20.880613
21 42 62.994494 21.931712
21 38 62.745631 74.060786
21 30 53.377859 9.433981
21 29 67.310944 34.365681
22 91 69.849126 49.477268
22 90 83.575085 9.219544
22 80 70.556032 13.892444
22 79 82.547699 24.331050
22 74 96.203772 31.304952
22 73 65.642059 42.755117
22 70 63.839158 56.462377
23 99 76.539792 2.236068
23 96 84.615449 53.338541
23 94 87.520978 52.153619
23 89 90.508637 48.104054
23 78 99.847836 46.872167
23 75 73.021567 34.928498
23 71 95.083308 33.286634
23 70 57.868250 62.481997
23 56 62.337088 39.051248
23 38 89.405696 39.812058
23 34 52.605678 42.154478
23 31 82.154476 28.017851
23 25 99.790082 31.400637
24 82 97.812743 73.593478
24 65 55.584007 39.357337
24 58 65.835501 65.000000
24 56 59.683054 50.089919
24 48 76.459421 14.212670
24 47 71.079137 20.024984
24 39 99.797950 1.000000
24 36 89.453915 22.000000
24 33 83.824768 19.209373
24 31 53.175808 36.124784
25 85 56.764859 35.227830
25 81 53.673894 25.553865
25 66 86.750893 24.698178
25 60 77.320891 7.211103
25 49 86.221593 29.410882
25 33 82.954665 31.320920
25 32 92.962950 30.364453
25 28 50.060752 33.970576
26 96 59.494456 46.097722
26 93 77.578398 6.708204
26 88 87.581730 52.839379
26 86 50.003093 46.173586
26 85 77.426235 35.114100
26 75 60.603297 60.166436
26 68 95.086401 23.000000
26 56 85.294485 47.885280
26 42 72.940385 11.180340
26 38 84.492097 56.293872
26 29 87.900163 50.960769
26 27 55.094861 16.031220
27 93 84.282179 10.198039
27 84 85.712907 15.033296
27 77 60.678868 5.099020
27 75 50.117680 45.310043
27 72 95.395961 27.586228
27 68 87.138288 7.071068
28 99 71.196817 28.861739
28 97 95.193910 64.350602
28 81 76.592203 58.898217
28 53 55.021585 13.453624
28 46 98.369718 21.840330
28 34 83.357062 69.462220
28 31 58.695479 10.630146
29 99 85.120611 85.005882
29 98 60.677953 13.416408
29 97 94.917073 49.739320
29 96 68.075276 33.734256
29 95 53.640903 28.017851
29 94 94.977825 34.365681
29 84 77.569732 51.244512
29 77 81.219301 54.644304
29 72 82.559554 58.830264
29 65 77.572825 69.007246
29 39 58.645536 38.078866
29 38 93.162851 78.294317
30 98 72.659225 34.000000
30 94 93.940021 57.489129
30 77 66.103236 41.109610
30 70 57.151322 56.435804
30 61 81.840184 32.062439
31 96 71.198096 47.010637
31 77 91.433502 77.524190
31 65 67.553091 21.023796
31 60 81.876964 16.278821
31 58 91.551182 84.023806
31 36 62.949052 14.317821
31 35 69.015252 45.880279
32 89 62.747999 37.443290
32 74 58.142962 91.214034
32 73 95.607455 25.455844
32 65 67.769584 19.209373
32 57 56.512680 8.544004
33 79 78.964517 35.057096
33 65 76.465063 40.224371
33 48 91.633292 24.020824
33 39 89.642470 19.849433
34 75 71.382136 7.280110
34 72 59.708567 21.931712
34 67 93.283372 63.505905
34 63 66.359961 6.324555
34 49 87.278299 72.401657
34 46 74.502673 48.041649
34 40 98.919515 47.539457
34 38 64.851123 3.162278
34 35 83.148209 22.203603
35 83 92.082366 14.560220
35 79 87.510349 40.816663
35 75 77.088230 15.556349
35 73 58.185602 24.041631
35 60 94.661671 40.000000
35 57 58.928414 27.073973
35 55 79.383698 66.007575
35 51 86.095173 89.358827
36 90 76.481505 30.805844
36 64 61.260662 24.839485
36 59 77.646354 15.652476
36 57 89.430556 28.653098
36 48 80.275914 14.212670
36 39 90.394353 23.000000
37 88 97.573518 47.885280
37 79 75.883369 42.201896
37 73 58.163937 26.400758
37 70 54.086199 42.720019
37 68 54.847886 50.537115
37 67 84.629001 75.239617
37 63 95.719490 22.360680
37 56 94.490356 26.000000
37 54 56.011137 66.189123
38 90 55.428057 65.192024
38 83 87.773729 30.675723
38 82 72.371098 15.132746
38 78 92.706356 12.806248
38 75 62.276402 5.000000
38 72 71.290613 19.924859
38 68 57.557480 34.176015
38 63 95.424611 9.486833
38 49 63.372980 69.339743
38 41 95.067829 18.027756
39 97 72.512841 45.122057
39 90 71.558582 9.899495
39 89 89.729500 25.000000
39 81 81.441254 28.000000
39 80 50.942280 4.472136
39 56 75.824673 50.537115
39 55 57.922759 43.081318
39 48 62.202941 15.000000
39 47 53.471027 19.026298
40 73 97.353315 13.601471
40 65 92.478855 12.083046
40 60 93.865380 4.123106
40 58 94.926834 64.031242
40 57 68.362224 23.021729
41 91 52.029317 44.922155
41 88 99.013033 52.554733
41 86 73.210110 1.414214
41 83 86.658318 48.332184
41 78 94.732523 18.681542
41 61 67.700467 38.897301
41 55 92.669455 52.201533
42 84 50.160580 12.083046
42 80 55.474195 74.094534
42 64 65.040553 94.921020
42 58 92.866937 17.204651
43 91 67.750597 6.403124
43 87 86.331166 55.154329
43 82 50.424417 22.472205
43 75 63.175208 19.416488
43 66 99.704146 42.296572
43 65 95.492245 16.552945
44 95 85.688049 5.099020
44 80 71.262727 45.880279
44 79 85.221745 42.638011
44 77 67.129304 23.345235
44 76 72.205007 52.392748
44 68 61.046418 30.413813
44 67 75.052063 8.944272
44 61 84.407948 13.892444
44 58 64.517445 16.278821
44 55 72.405378 7.280110
45 92 76.886804 56.718604
45 84 58.382825 16.552945
45 77 67.332212 25.495098
45 70 95.249028 40.853396
45 67 60.412143 2.236068
45 51 66.345244 14.560220
46 79 68.459138 25.632011
46 59 97.070461 30.265492
46 53 61.077767 20.000000
47 61 86.159605 58.549125
47 56 89.739916 60.827625
47 55 61.238348 39.115214
47 54 91.633800 16.643317
47 50 54.780468 5.656854
48 91 54.105285 33.015148
48 77 59.384397 56.753854
48 72 91.111634 41.303753
48 57 54.529701 36.345564
48 55 72.559606 41.773197
49 89 90.815780 25.553865
49 80 50.021947 6.000000
49 70 58.247655 71.589105
49 64 62.078507 15.231546
50 92 85.243692 13.601471
50 73 75.376958 59.135438
50 54 84.283514 16.401219
50 51 96.290110 46.818800
51 88 50.429021 53.338541
51 75 68.691463 78.057671
51 59 60.807555 63.780875
51 55 72.834399 24.698178
52 85 95.578266 40.224371
52 78 69.190380 19.697716
52 76 90.166610 7.071068
52 72 90.827294 12.041595
52 66 79.602523 39.051248
52 58 56.511855 41.303753
52 57 59.286432 49.193496
53 98 76.672984 88.022724
53 85 67.589622 71.693793
53 65 95.446037 26.870058
53 57 66.412899 16.552945
54 96 78.827970 14.866069
54 80 87.079837 13.601471
54 69 71.193367 28.425341
54 59 82.933255 20.615528
54 58 96.464234 48.259714
54 57 62.305002 58.008620
55 98 87.462956 14.212670
55 93 69.023840 31.144823
55 74 53.120782 23.259407
55 69 87.484903 24.186773
56 85 77.271495 31.622777
56 84 65.199289 47.010637
56 80 72.728595 48.020829
56 75 52.648453 17.464249
56 66 99.482804 27.802878
57 69 69.018705 46.141088
57 65 53.077473 12.649111
57 64 68.174266 53.254108
58 97 79.826260 31.400637
58 83 75.911872 70.830784
58 62 63.752533 3.000000
59 97 99.016641 37.013511
59 95 66.078482 43.600459
59 88 54.579827 15.132746
59 74 78.619164 51.429563
59 69 72.590337 30.016662
59 67 63.866259 56.222771
59 66 55.292148 22.472205
59 62 90.179959 63.694584
60 95 59.312297 54.203321
60 91 71.705047 23.021729
60 90 69.007929 33.060551
60 89 96.392134 24.738634
60 82 92.898414 51.478151
60 80 51.941184 28.442925
60 76 92.856368 50.487622
61 87 55.203416 5.830952
61 77 89.404140 10.295630
61 69 61.880208 29.068884
62 82 58.324198 67.082039
63 78 76.889042 5.099020
63 71 89.151703 30.413813
64 81 73.523488 44.181444
65 83 99.617637 13.453624
65 79 91.800156 21.095023
65 78 73.006291 48.662100
65 73 68.636343 6.708204
66 90 94.877629 22.472205
66 87 91.180558 27.513633
66 85 98.462603 10.630146
66 81 70.789501 1.000000
66 67 54.933091 35.468296
67 97 97.479244 36.674242
67 95 86.867983 12.727922
67 86 59.512917 57.008771
67 80 76.098408 52.773099
67 72 59.458321 43.011626
68 87 73.379177 18.439089
68 86 81.390556 23.345235
68 85 99.638280 34.785054
68 75 82.691473 38.483763
69 97 53.095603 7.280110
69 96 68.646209 13.601471
69 95 79.083607 25.495098
69 94 95.994017 14.764823
69 83 70.587392 39.293765
69 76 71.939975 33.301652
69 73 51.197433 28.178006
69 72 59.991532 15.811388
70 93 83.820183 26.172505
70 85 59.521631 38.587563
70 84 86.880574 31.000000
70 82 72.971886 40.496913
70 77 83.045119 15.524175
71 97 86.498212 16.155494
71 94 64.772042 27.784888
71 87 56.051410 36.674242
71 86 55.134554 34.058773
72 85 59.649671 28.301943
72 81 97.231968 27.802878
73 93 53.597158 65.764732
73 92 80.439172 72.235725
73 83 52.165059 13.341664
73 81 51.076402 33.241540
74 98 67.307155 10.049876
74 96 61.677976 37.215588
74 94 77.174810 38.470768
74 84 76.765475 42.485292
75 92 85.057153 91.400219
75 91 58.565366 24.000000
75 82 76.403755 12.165525
76 94 67.748626 47.423623
76 83 61.660968 34.539832
76 82 95.049964 18.681542
76 77 96.832233 35.355339
77 80 57.654986 60.000000
78 83 65.637356 39.051248
79 97 68.772208 24.515301
79 96 58.852419 16.155494
79 91 75.628888 25.298221
79 88 52.592392 8.246211
79 85 68.374050 26.627054
80 96 62.509462 22.090722
80 95 75.564278 40.853396
80 87 51.419169 50.358713
81 97 99.007674 18.867962
81 96 90.336320 2.000000
81 94 57.470580 4.123106
82 85 54.142228 61.032778
83 96 99.985991 46.010868
83 91 54.702548 7.071068
84 95 57.739386 26.019224
85 98 80.425162 20.396078
85 97 56.867607 19.235384
85 95 58.815788 12.206556
85 92 97.732317 46.615448
86 99 68.545583 59.506302
86 94 85.990598 54.589376
87 93 74.497793 17.720045
88 96 53.602736 8.062258
90 98 94.555963 31.240999
90 97 50.901548 40.718546
90 96 71.351362 20.248457
91 94 56.216932 38.209946
92 98 95.951512 34.713110
92 95 68.183595 48.104054
93 98 63.871917 42.379240
94 96 61.588868 2.236068
94 95 86.955804 25.455844
