9    8    0    9344    789    0    15
12     36     1.980041
22     48     7.712638
25     19     10.474563
10     31     10.035096
18     45     14.640339
34     31     0.482803
1     19     5.414594
24     40     8.933378
33     14     16.357311
0     4     14.235359     21.476997
0     3     13.333537     10.078837
1     6     1.097140     57.757515
1     5     15.775018     36.927645
2     5     0.907163     25.351645
3     7     6.291391     25.937905
3     5     0.458541     25.454280
7     8     21.510971     30.655339
