9    8    0    8139    122    0    15
12     36     16.653951
22     48     17.223426
25     19     12.696921
10     31     17.062899
18     45     14.600055
34     31     11.091647
1     19     1.287271
24     40     0.738548
33     14     15.111545
0     4     19.109928     20.153736
0     3     13.065737     10.263170
1     6     13.937040     46.184048
1     5     0.839259     30.917575
2     5     20.883816     27.642330
3     7     8.084353     21.915219
3     5     23.223823     47.176473
7     8     3.868984     36.474038
