9    8    0    6814    48    0    15
12     36     18.618122
22     48     10.854213
25     19     19.617908
10     31     13.700369
18     45     9.970397
34     31     16.688742
1     19     6.696982
24     40     5.935850
33     14     11.161229
0     4     5.578021     13.996067
0     3     17.772454     7.127242
1     6     20.248268     48.037157
1     5     7.303079     40.744264
2     5     15.221107     15.048347
3     7     14.138462     17.133212
3     5     22.117527     45.226604
7     8     3.262429     53.204836
