9    8    0    5783    3257    0    15
12     36     18.124332
22     48     16.374401
25     19     9.204382
10     31     11.710562
18     45     19.982299
34     31     1.458174
1     19     7.171239
24     40     2.567217
33     14     19.899899
0     4     4.965361     13.200602
0     3     17.065188     8.741686
1     6     23.242897     47.221061
1     5     15.987884     29.335986
2     5     0.296793     27.704252
3     7     8.111057     17.917060
3     5     19.810327     33.747190
7     8     14.680929     43.876362
