9    8    0    6170    930    0    15
12     36     13.030183
22     48     15.046236
25     19     12.236702
10     31     17.814264
18     45     19.038667
34     31     3.283181
1     19     11.434675
24     40     0.403455
33     14     14.974822
0     4     14.481796     13.997470
0     3     20.644246     8.658921
1     6     0.299081     64.136020
1     5     18.897061     36.300626
2     5     21.945097     24.121378
3     7     4.188665     22.471855
3     5     17.072817     45.719136
7     8     10.740989     50.567848
