9    8    0    8364    1728    0    15
12     36     18.012024
22     48     0.962554
25     19     9.106113
10     31     11.726432
18     45     18.605914
34     31     16.080203
1     19     12.318491
24     40     18.624836
33     14     1.622974
0     4     19.911039     13.764798
0     3     7.441939     8.920825
1     6     23.159734     62.598096
1     5     23.042238     23.035302
2     5     23.880734     19.438257
3     7     7.635731     17.187433
3     5     21.862697     46.818928
7     8     22.292245     37.371608
