9    8    0    7221    105    0    15
12     36     4.197516
22     48     0.504776
25     19     12.800684
10     31     3.816034
18     45     2.404859
34     31     15.705435
1     19     6.676840
24     40     16.918851
33     14     19.411603
0     4     17.778558     14.176772
0     3     8.861812     8.097224
1     6     17.593921     44.009988
1     5     17.366558     40.278993
2     5     11.909085     15.664122
3     7     18.903928     21.602681
3     5     21.937468     39.746440
7     8     15.630055     42.289336
