9    8    0    8712    64    0    15
12     36     12.697531
22     48     3.767815
25     19     7.175512
10     31     16.851100
18     45     8.863186
34     31     17.516404
1     19     4.077883
24     40     17.056185
33     14     19.458602
0     4     0.327311     12.004821
0     3     9.694205     10.080359
1     6     4.696036     53.801862
1     5     7.157353     30.071455
2     5     4.546495     22.362955
3     7     9.032716     29.780783
3     5     10.189367     38.148918
7     8     11.644337     42.397571
