9    8    0    585    1180    0    15
12     36     12.116459
22     48     10.773034
25     19     0.318613
10     31     5.119785
18     45     10.430006
34     31     5.274819
1     19     8.680074
24     40     3.850826
33     14     4.550310
0     4     8.371227     21.247532
0     3     11.102634     6.896942
1     6     2.979369     37.413634
1     5     17.403943     26.145829
2     5     20.651112     23.132551
3     7     8.793909     30.061237
3     5     0.891903     33.248157
7     8     16.962188     47.433329
