9    8    0    990    201    0    15
12     36     6.920377
22     48     11.847896
25     19     16.941435
10     31     6.788537
18     45     17.596362
34     31     6.928922
1     19     15.254372
24     40     6.530961
33     14     18.272042
0     4     16.698965     11.685652
0     3     7.625813     7.932114
1     6     21.320231     46.929945
1     5     21.337779     34.809466
2     5     8.913694     21.971017
3     7     13.023011     21.832602
3     5     23.507645     35.598829
7     8     16.138188     29.259888
