9    8    0    8847    988    0    15
12     36     14.958953
22     48     1.808527
25     19     9.211707
10     31     0.361950
18     45     5.185095
34     31     10.843837
1     19     18.627888
24     40     15.560778
33     14     10.231025
0     4     1.067385     19.336727
0     3     2.430799     6.712518
1     6     23.996704     48.919552
1     5     22.067171     27.988660
2     5     7.856990     24.717652
3     7     18.084506     33.047203
3     5     24.296548     36.576824
7     8     13.425092     38.413483
