9    8    0    7177    3398    0    15
12     36     7.789544
22     48     5.723441
25     19     6.647542
10     31     1.327555
18     45     10.039979
34     31     0.320444
1     19     6.190985
24     40     10.544145
33     14     5.291910
0     4     8.149205     11.111146
0     3     12.169256     8.775687
1     6     24.328593     70.229306
1     5     2.439955     24.006691
2     5     0.108341     19.540913
3     7     21.279031     16.931154
3     5     22.168645     33.454015
7     8     18.037202     28.186471
