9    8    0    6062    237    0    15
12     36     2.434767
22     48     5.290078
25     19     0.870998
10     31     9.569384
18     45     3.509629
34     31     12.512589
1     19     10.250557
24     40     1.149327
33     14     11.061739
0     4     23.304697     16.268180
0     3     23.131504     9.175592
1     6     21.773431     45.578124
1     5     20.287942     37.869299
2     5     12.501907     19.444388
3     7     21.842097     26.222050
3     5     0.605029     38.237069
7     8     12.262337     28.220602
