9    8    0    9491    7    0    15
12     36     17.078158
22     48     12.796411
25     19     18.103580
10     31     6.464431
18     45     13.526414
34     31     10.935392
1     19     7.837764
24     40     5.006867
33     14     14.076357
0     4     3.136540     16.413245
0     3     10.211493     9.216793
1     6     18.339335     45.366071
1     5     7.058168     31.301655
2     5     10.614338     18.349617
3     7     1.242866     23.468668
3     5     6.654561     31.149691
7     8     2.459792     32.143734
