9    8    0    8347    790    0    15
12     36     10.889615
22     48     8.578753
25     19     7.057100
10     31     6.854457
18     45     2.143620
34     31     1.088900
1     19     13.243202
24     40     9.527268
33     14     13.286538
0     4     2.029481     12.030748
0     3     19.270150     9.660835
1     6     18.358409     51.750822
1     5     17.190313     31.932552
2     5     24.330882     21.236386
3     7     3.707999     31.378647
3     5     15.563677     27.958339
7     8     10.392315     49.127701
