9    8    0    1021    428    0    15
12     36     6.700644
22     48     9.295938
25     19     2.235786
10     31     13.962828
18     45     18.969695
34     31     17.910703
1     19     5.641652
24     40     19.476913
33     14     4.804224
0     4     5.706961     14.531662
0     3     24.157689     5.691812
1     6     23.842586     57.757738
1     5     24.076815     21.342469
2     5     19.830927     15.541921
3     7     22.724845     28.693070
3     5     17.483291     33.547224
7     8     13.648640     45.243663
