9    8    0    9662    3744    0    15
12     36     13.493454
22     48     10.201727
25     19     7.388531
10     31     19.744255
18     45     3.379620
34     31     3.010956
1     19     4.561907
24     40     12.389294
33     14     0.014649
0     4     10.225990     13.839804
0     3     9.323405     8.967015
1     6     21.985534     44.137466
1     5     19.309061     28.846951
2     5     13.389233     22.547233
3     7     9.555345     16.877131
3     5     13.657033     37.206809
7     8     2.591021     35.139667
