9    8    0    6065    1474    0    15
12     36     12.845851
22     48     2.451247
25     19     12.247688
10     31     12.750023
18     45     14.375439
34     31     11.692251
1     19     8.387097
24     40     16.695456
33     14     13.613697
0     4     20.329905     16.183637
0     3     1.615192     8.265984
1     6     22.110660     40.139914
1     5     15.990936     25.483310
2     5     10.477767     19.996709
3     7     9.459975     32.645157
3     5     20.204016     44.015800
7     8     12.350078     41.558527
