9    8    0    9708    1860    0    15
12     36     15.777459
22     48     0.754418
25     19     6.030457
10     31     5.351726
18     45     4.629658
34     31     17.014679
1     19     13.373821
24     40     1.246986
33     14     4.300058
0     4     15.667440     15.548448
0     3     16.772973     10.539851
1     6     13.399152     46.931146
1     5     23.532060     33.181732
2     5     6.077761     27.045111
3     7     18.178350     23.567933
3     5     19.446394     36.603596
7     8     15.082247     37.134582
