9    8    0    7763    142    0    15
12     36     19.594714
22     48     14.775842
25     19     10.063784
10     31     17.438887
18     45     18.397778
34     31     7.860958
1     19     7.675405
24     40     17.943663
33     14     5.028840
0     4     23.802911     20.266683
0     3     17.982269     8.887101
1     6     20.780053     44.934286
1     5     17.300943     37.847709
2     5     17.721335     15.991135
3     7     19.838557     17.960045
3     5     20.872372     33.133020
7     8     5.562761     38.424964
