9    8    0    8167    736    0    15
12     36     2.092959
22     48     19.653920
25     19     7.514878
10     31     11.199072
18     45     1.653493
34     31     5.836360
1     19     16.443983
24     40     15.773797
33     14     12.481460
0     4     4.749443     10.843174
0     3     23.636586     6.802487
1     6     20.279550     55.341857
1     5     21.067690     38.336143
2     5     7.180242     23.828634
3     7     14.016388     17.081152
3     5     18.675802     34.730118
7     8     4.624317     28.318950
