9    8    0    8316    967    0    15
12     36     2.106998
22     48     7.398297
25     19     18.753624
10     31     0.574358
18     45     4.745628
34     31     1.438032
1     19     19.398175
24     40     4.448378
33     14     13.397015
0     4     1.977599     21.588650
0     3     24.914548     9.141184
1     6     2.719962     64.538821
1     5     19.434187     28.443492
2     5     11.462752     17.242163
3     7     18.674276     28.768814
3     5     5.240028     27.729891
7     8     9.157842     44.680398
