9    8    0    5746    553    0    15
12     36     1.017487
22     48     3.809931
25     19     3.517563
10     31     13.997620
18     45     2.178411
34     31     3.490097
1     19     17.836848
24     40     2.404859
33     14     8.525651
0     4     15.935240     20.295849
0     3     20.181127     7.113694
1     6     20.387890     57.320587
1     5     23.891415     22.277785
2     5     9.640034     17.745304
3     7     0.225837     24.273925
3     5     12.641530     27.275627
7     8     2.350688     53.231207
