9    8    0    8408    956    0    15
12     36     16.791284
22     48     19.002045
25     19     5.758843
10     31     17.770928
18     45     17.528001
34     31     2.941984
1     19     6.461989
24     40     5.155187
33     14     5.685598
0     4     13.962218     11.042832
0     3     15.974151     9.121769
1     6     7.380902     52.296167
1     5     7.809687     28.293886
2     5     19.134342     17.759773
3     7     0.148778     21.820236
3     5     16.180914     24.154980
7     8     16.235847     37.364355
