9    8    0    9383    749    0    15
12     36     10.391552
22     48     0.126957
25     19     3.407086
10     31     11.332133
18     45     18.588214
34     31     0.752586
1     19     1.392865
24     40     11.260720
33     14     16.714377
0     4     17.405469     14.067282
0     3     19.206061     5.985205
1     6     0.616474     71.519046
1     5     0.962096     35.658182
2     5     13.634907     17.123151
3     7     4.646443     25.744677
3     5     21.565142     47.117860
7     8     7.332835     44.834761
