9    8    0    8443    1035    0    15
12     36     11.015351
22     48     10.108951
25     19     19.066744
10     31     14.053774
18     45     11.781976
34     31     15.714591
1     19     7.010102
24     40     10.515458
33     14     17.813654
0     4     3.133488     16.389286
0     3     23.218482     8.900217
1     6     0.234230     44.514828
1     5     18.889431     37.781526
2     5     16.784417     19.390312
3     7     15.123447     31.198520
3     5     20.728935     28.743731
7     8     9.453108     53.878463
