9    8    0    6964    226    0    15
12     36     17.629933
22     48     19.538560
25     19     5.714896
10     31     1.037019
18     45     14.833216
34     31     0.204474
1     19     15.677358
24     40     8.900418
33     14     17.094028
0     4     23.203223     18.635615
0     3     21.372112     6.252027
1     6     24.274422     49.181296
1     5     10.533464     31.653932
2     5     17.772454     28.040457
3     7     7.755516     22.450264
3     5     10.950804     46.108057
7     8     19.708090     54.785099
