9    8    0    6817    1918    0    15
12     36     19.403668
22     48     13.174230
25     19     13.074740
10     31     18.748741
18     45     8.557390
34     31     19.761956
1     19     10.890225
24     40     13.387249
33     14     17.925962
0     4     23.988311     18.638697
0     3     9.816279     8.715197
1     6     3.992584     71.144964
1     5     8.850368     35.012097
2     5     17.506180     20.124699
3     7     3.189947     24.254728
3     5     4.675436     43.609865
7     8     6.623280     40.460095
