9    8    0    9540    1665    0    15
12     36     16.638691
22     48     2.208319
25     19     3.701285
10     31     3.819697
18     45     2.049623
34     31     4.485000
1     19     17.159337
24     40     15.123142
33     14     15.494247
0     4     18.681143     14.321683
0     3     18.564409     9.289617
1     6     13.126011     70.182958
1     5     21.254616     31.488337
2     5     10.573901     16.244776
3     7     21.560564     31.532819
3     5     4.097873     38.362604
7     8     15.497299     52.448094
