9    8    0    9666    3391    0    15
12     36     5.959655
22     48     11.402326
25     19     6.490677
10     31     8.805200
18     45     3.644520
34     31     10.213935
1     19     17.936338
24     40     0.399182
33     14     2.358470
0     4     24.644459     19.045965
0     3     17.630543     10.237866
1     6     16.341899     49.672501
1     5     19.021424     36.644226
2     5     6.572161     25.484294
3     7     18.562883     28.513282
3     5     11.921293     35.174596
7     8     21.578112     47.691828
