9    8    0    8585    2457    0    15
12     36     17.966247
22     48     6.282540
25     19     14.063540
10     31     4.705344
18     45     4.293344
34     31     0.587786
1     19     7.732780
24     40     4.609516
33     14     9.858699
0     4     5.049287     18.324805
0     3     11.255989     7.607641
1     6     12.127293     64.905671
1     5     20.608386     32.724255
2     5     15.678884     25.991772
3     7     20.039979     22.426452
3     5     22.402112     34.451477
7     8     3.980377     47.564803
