9    8    0    7103    469    0    15
12     36     14.916837
22     48     5.894955
25     19     18.826868
10     31     4.645528
18     45     16.699118
34     31     11.962035
1     19     2.050233
24     40     3.712882
33     14     14.258858
0     4     15.083773     15.274737
0     3     15.215766     6.339790
1     6     19.583728     68.551168
1     5     13.173315     21.202591
2     5     11.874752     23.495226
3     7     16.209143     28.791497
3     5     22.820978     47.482275
7     8     18.839076     45.502305
