9    8    0    7981    544    0    15
12     36     7.040010
22     48     9.739067
25     19     17.650685
10     31     4.120609
18     45     9.397870
34     31     3.595080
1     19     8.644063
24     40     7.399518
33     14     8.946806
0     4     2.877132     14.885222
0     3     4.921873     10.273533
1     6     21.055483     49.485272
1     5     7.406079     33.114544
2     5     1.950133     28.483566
3     7     21.478927     32.277687
3     5     24.055452     47.722931
7     8     8.418531     44.530358
