9    8    0    9557    1106    0    15
12     36     15.557726
22     48     18.845180
25     19     18.833583
10     31     17.627491
18     45     10.039979
34     31     1.214637
1     19     8.064211
24     40     19.545274
33     14     19.557482
0     4     18.183691     13.076520
0     3     24.165319     5.396465
1     6     1.511429     49.620067
1     5     0.482192     40.428671
2     5     22.389904     28.617860
3     7     2.153081     17.015068
3     5     8.082827     39.077206
7     8     22.099979     52.124924
