9    8    0    8595    584    0    15
12     36     13.937193
22     48     1.620533
25     19     11.540269
10     31     2.080142
18     45     1.936094
34     31     0.821558
1     19     0.161138
24     40     10.080874
33     14     18.724937
0     4     1.168859     16.758545
0     3     12.285226     9.732842
1     6     8.402509     70.895919
1     5     6.102939     41.576716
2     5     18.990905     16.079320
3     7     7.416761     31.118205
3     5     13.203070     32.549454
7     8     13.157292     35.591947
