9    8    0    41    72    0    15
12     36     7.322001
22     48     3.895993
25     19     6.164129
10     31     17.637257
18     45     15.643178
34     31     12.582171
1     19     14.198431
24     40     6.144597
33     14     7.643666
0     4     22.447890     20.475088
0     3     15.128788     5.493481
1     6     19.798120     61.386682
1     5     14.767907     25.100124
2     5     19.079409     22.432661
3     7     2.527696     29.612481
3     5     8.380383     38.251820
7     8     23.682363     47.042985
