9    8    0    6730    3664    0    15
12     36     11.757561
22     48     8.279672
25     19     5.130772
10     31     18.830531
18     45     4.455702
34     31     18.956877
1     19     16.660665
24     40     3.906369
33     14     19.173559
0     4     22.663808     16.737201
0     3     12.089908     6.447743
1     6     14.688559     57.426132
1     5     24.468978     22.809028
2     5     14.267403     29.776901
3     7     9.363842     17.528339
3     5     2.358318     38.749332
7     8     10.725730     46.664592
