9    8    0    7972    260    0    15
12     36     3.133641
22     48     10.932951
25     19     15.103000
10     31     10.273751
18     45     0.578631
34     31     15.636464
1     19     2.261422
24     40     7.838984
33     14     2.195502
0     4     16.884365     17.875588
0     3     4.362621     7.793332
1     6     13.257241     65.810785
1     5     2.014985     24.803230
2     5     13.624989     23.829392
3     7     10.022279     17.833256
3     5     20.013276     27.689156
7     8     1.417585     34.521418
