9    8    0    6745    1956    0    15
12     36     12.117679
22     48     19.005707
25     19     6.704917
10     31     15.341655
18     45     13.747978
34     31     17.014069
1     19     7.453841
24     40     18.342845
33     14     0.292367
0     4     21.089816     20.826271
0     3     13.763848     6.012335
1     6     16.846217     38.458245
1     5     14.853359     27.045104
2     5     9.848323     22.991446
3     7     12.977233     26.461326
3     5     11.259041     39.457464
7     8     14.882351     32.776717
