9    8    0    6807    3380    0    15
12     36     6.776330
22     48     5.810724
25     19     11.117283
10     31     6.084170
18     45     4.181036
34     31     3.936277
1     19     3.418683
24     40     16.057619
33     14     12.883084
0     4     5.237739     20.778827
0     3     21.122623     8.224005
1     6     16.174810     39.876056
1     5     12.704093     30.995891
2     5     11.149937     25.284463
3     7     14.927366     21.224890
3     5     4.088717     37.707605
7     8     4.106265     47.870839
