9    8    0    6890    483    0    15
12     36     19.924314
22     48     14.693442
25     19     14.683676
10     31     9.191565
18     45     10.112613
34     31     0.371715
1     19     1.452071
24     40     19.851680
33     14     18.085269
0     4     22.555467     21.080112
0     3     24.164556     5.805966
1     6     8.166753     67.837720
1     5     22.568438     37.212276
2     5     18.947417     26.586977
3     7     7.140568     27.815194
3     5     9.818567     25.200136
7     8     14.746544     28.656028
