9    8    0    7858    33    0    15
12     36     1.183508
22     48     5.233924
25     19     14.883267
10     31     8.769189
18     45     3.917356
34     31     2.142399
1     19     4.180425
24     40     14.753258
33     14     2.498856
0     4     2.883999     13.889704
0     3     24.297311     5.451644
1     6     14.124729     55.253460
1     5     21.494949     31.095810
2     5     14.175848     19.534538
3     7     18.211921     22.665777
3     5     18.008209     41.898249
7     8     20.978423     41.072727
