9    8    0    9580    736    0    15
12     36     10.075381
22     48     16.616718
25     19     1.475875
10     31     12.032838
18     45     19.205908
34     31     8.412732
1     19     16.846217
24     40     8.684957
33     14     15.842769
0     4     17.590869     19.287402
0     3     8.879360     5.878832
1     6     17.959380     42.262014
1     5     18.672750     21.435932
2     5     14.790796     29.946589
3     7     22.812586     28.029951
3     5     23.672445     40.136461
7     8     16.669973     32.375322
