9    8    0    964    1166    0    15
12     36     14.466994
22     48     19.822382
25     19     7.057711
10     31     16.686300
18     45     0.073855
34     31     4.254280
1     19     5.193030
24     40     2.397534
33     14     19.342021
0     4     8.712271     18.648376
0     3     7.890561     9.058900
1     6     23.474075     54.897515
1     5     10.458693     32.848069
2     5     16.549425     27.513960
3     7     4.890591     24.804943
3     5     9.269234     39.201929
7     8     7.689138     47.940218
