9    8    0    5735    358    0    15
12     36     15.613269
22     48     1.052889
25     19     0.000000
10     31     16.017335
18     45     3.405866
34     31     2.880337
1     19     5.657521
24     40     5.352947
33     14     17.292398
0     4     16.348003     21.577293
0     3     8.594012     6.679060
1     6     5.148473     45.461778
1     5     0.232704     25.708810
2     5     9.354686     20.610262
3     7     15.502640     17.281573
3     5     9.107486     33.992671
7     8     16.891232     54.329826
