9    8    0    7162    62    0    15
12     36     16.848659
22     48     1.016266
25     19     17.627491
10     31     15.010834
18     45     7.530137
34     31     7.007660
1     19     14.329051
24     40     14.512162
33     14     19.311502
0     4     4.380932     19.228257
0     3     1.539659     7.814257
1     6     11.093478     47.517269
1     5     22.789697     37.360300
2     5     23.795282     15.804034
3     7     3.502762     18.164177
3     5     5.694754     32.023790
7     8     19.201483     50.854425
