9    8    0    8838    83    0    15
12     36     17.747124
22     48     16.116214
25     19     16.130863
10     31     16.530656
18     45     6.564531
34     31     15.059664
1     19     6.899625
24     40     10.055239
33     14     2.598346
0     4     18.533891     18.857763
0     3     13.627277     10.695188
1     6     9.242531     41.400726
1     5     5.968657     34.673097
2     5     23.802911     15.938996
3     7     7.579272     22.622087
3     5     22.963652     38.472923
7     8     3.511155     46.246855
