9    8    0    9679    353    0    15
12     36     15.069430
22     48     5.708182
25     19     13.632618
10     31     12.319712
18     45     12.932524
34     31     18.912931
1     19     13.987854
24     40     10.292062
33     14     5.064241
0     4     18.594165     19.908453
0     3     21.876431     8.237249
1     6     0.151067     45.808665
1     5     13.447981     32.942636
2     5     4.229102     19.012462
3     7     2.262185     21.645098
3     5     22.360912     34.914792
7     8     5.981628     35.873102
