9    8    0    6629    2031    0    15
12     36     0.545061
22     48     5.517747
25     19     13.390912
10     31     1.778619
18     45     9.454634
34     31     11.335185
1     19     10.685751
24     40     8.507340
33     14     4.870754
0     4     4.925687     16.886276
0     3     24.139378     5.867595
1     6     17.847987     38.855211
1     5     24.611652     23.982188
2     5     2.358318     29.246254
3     7     2.381207     27.721028
3     5     7.879116     46.031647
7     8     21.111179     28.844511
