9    8    0    9133    181    0    15
12     36     7.240211
22     48     10.097964
25     19     1.531419
10     31     4.076662
18     45     5.307169
34     31     6.808679
1     19     1.364788
24     40     6.598102
33     14     15.940428
0     4     9.429456     20.253833
0     3     24.471267     9.278581
1     6     19.687490     51.848875
1     5     2.503281     22.388773
2     5     17.692343     25.154908
3     7     11.621448     22.222400
3     5     7.625813     35.056134
7     8     9.903256     34.831341
