9    8    0    8855    626    0    15
12     36     3.928343
22     48     15.874508
25     19     17.092807
10     31     17.493210
18     45     8.453627
34     31     16.107059
1     19     10.478225
24     40     8.565325
33     14     1.119419
0     4     2.190466     13.004004
0     3     23.430586     10.235667
1     6     24.698630     57.297079
1     5     5.951872     32.876291
2     5     4.464858     16.653342
3     7     2.260659     28.079406
3     5     5.906858     24.121797
7     8     10.251167     54.325929
