9    8    0    7720    2177    0    15
12     36     11.683096
22     48     19.127171
25     19     14.575030
10     31     12.969756
18     45     19.340190
34     31     18.251900
1     19     9.390545
24     40     16.518448
33     14     10.993988
0     4     21.901608     19.775758
0     3     6.859798     7.994435
1     6     20.880001     41.366267
1     5     18.022706     31.491437
2     5     8.831294     23.278341
3     7     2.668081     28.518816
3     5     20.934935     39.755900
7     8     8.587146     38.325750
