9    8    0    7435    707    0    15
12     36     3.509018
22     48     19.052095
25     19     6.001770
10     31     2.847987
18     45     13.936583
34     31     1.637623
1     19     8.084964
24     40     12.738426
33     14     18.854335
0     4     17.624439     13.478701
0     3     20.163579     10.477134
1     6     13.874477     62.705396
1     5     24.884793     40.925517
2     5     14.529099     18.927405
3     7     17.745750     24.922634
3     5     8.624531     31.479980
7     8     20.962401     31.370539
