9    8    0    8353    4235    0    15
12     36     4.914701
22     48     1.126133
25     19     8.697165
10     31     4.620502
18     45     9.175085
34     31     3.841060
1     19     8.943144
24     40     14.061708
33     14     4.259774
0     4     8.159124     15.188428
0     3     3.218177     7.203765
1     6     14.468062     49.412748
1     5     7.589190     23.168495
2     5     11.669515     16.068398
3     7     19.444868     21.386804
3     5     12.523270     31.003271
7     8     17.214728     43.736800
