9    8    0    7070    363    0    15
12     36     17.188025
22     48     18.223823
25     19     11.781365
10     31     13.876156
18     45     10.998260
34     31     4.282357
1     19     15.854976
24     40     0.721458
33     14     15.799432
0     4     7.808924     17.301730
0     3     4.638813     7.824398
1     6     9.180731     39.447645
1     5     13.770714     41.398384
2     5     22.933897     15.848781
3     7     6.416517     19.460454
3     5     21.232490     28.195956
7     8     23.952452     45.360710
