9    8    0    9008    1493    0    15
12     36     0.400403
22     48     8.578753
25     19     17.778863
10     31     13.538011
18     45     12.502213
34     31     17.930235
1     19     1.549730
24     40     0.385144
33     14     16.580706
0     4     18.159276     13.009628
0     3     21.471297     9.443637
1     6     1.882229     35.952121
1     5     20.550401     28.833725
2     5     4.508347     25.254503
3     7     11.249123     20.066866
3     5     17.170476     47.402370
7     8     2.510910     49.242135
