9    8    0    879    155    0    15
12     36     6.538285
22     48     15.497299
25     19     5.912046
10     31     7.822504
18     45     17.538987
34     31     7.312235
1     19     15.435041
24     40     6.111637
33     14     16.827906
0     4     3.500473     14.782782
0     3     1.808985     9.758794
1     6     16.282388     44.007517
1     5     17.605365     35.125167
2     5     23.099460     16.016299
3     7     9.661397     18.115180
3     5     9.044160     25.446539
7     8     16.585284     45.474953
