9    8    0    5854    2377    0    15
12     36     11.372417
22     48     5.832087
25     19     5.547044
10     31     11.564684
18     45     4.691916
34     31     1.756645
1     19     1.252480
24     40     0.609760
33     14     9.267251
0     4     15.393536     19.548904
0     3     23.107089     7.652589
1     6     21.143223     57.392224
1     5     15.205847     41.593165
2     5     0.910978     27.796758
3     7     5.383465     18.068251
3     5     23.886074     32.209125
7     8     10.062716     41.163039
