9    8    0    8678    267    0    15
12     36     0.521867
22     48     13.610034
25     19     14.736167
10     31     11.816767
18     45     4.304941
34     31     10.328684
1     19     7.759026
24     40     1.063875
33     14     18.060244
0     4     6.547746     16.651490
0     3     15.644551     9.638657
1     6     5.394910     50.986414
1     5     22.263253     22.831093
2     5     14.067507     20.321989
3     7     21.626179     28.018404
3     5     6.953642     28.389714
7     8     18.696402     41.333417
