9    8    0    7520    841    0    15
12     36     10.340281
22     48     2.132633
25     19     15.009613
10     31     4.141972
18     45     5.871151
34     31     6.067080
1     19     1.035188
24     40     4.336680
33     14     15.193945
0     4     17.748802     20.779617
0     3     13.607440     6.900402
1     6     5.542161     62.705442
1     5     11.011841     26.108421
2     5     3.844569     25.824816
3     7     0.930815     17.790396
3     5     10.486923     27.080024
7     8     9.150975     48.148542
