9    8    0    8486    285    0    15
12     36     7.273171
22     48     0.125126
25     19     12.691427
10     31     12.010254
18     45     1.862850
34     31     2.299875
1     19     0.717185
24     40     7.131565
33     14     10.344554
0     4     1.231422     14.467587
0     3     19.107639     9.099209
1     6     3.167058     36.678588
1     5     17.354350     35.991414
2     5     24.896237     25.664724
3     7     16.846980     16.680735
3     5     15.126499     35.704674
7     8     6.812494     52.335736
