9    8    0    6688    471    0    15
12     36     17.576830
22     48     0.252083
25     19     13.919492
10     31     9.351482
18     45     19.215064
34     31     14.768517
1     19     1.806085
24     40     2.203436
33     14     18.658406
0     4     24.778741     15.000320
0     3     5.430769     10.362203
1     6     22.412793     65.698939
1     5     15.145573     38.325171
2     5     6.929228     26.374966
3     7     6.085391     20.441696
3     5     19.210639     38.868915
7     8     8.200323     38.363563
