9    8    0    7515    81    0    15
12     36     14.548173
22     48     9.573656
25     19     15.474105
10     31     15.458235
18     45     0.604266
34     31     5.405438
1     19     13.669240
24     40     0.709250
33     14     14.594562
0     4     8.033235     19.750648
0     3     6.192969     5.824386
1     6     17.311625     57.988152
1     5     5.087436     28.761776
2     5     2.087466     27.400067
3     7     21.447645     18.527021
3     5     20.750298     46.668637
7     8     22.806482     29.963083
