9    8    0    7730    1787    0    15
12     36     4.337901
22     48     9.281899
25     19     9.855037
10     31     9.568163
18     45     13.193152
34     31     2.839442
1     19     15.882443
24     40     10.176092
33     14     18.935514
0     4     15.028077     13.728634
0     3     2.253792     6.029052
1     6     17.393262     42.183163
1     5     21.838282     30.357069
2     5     5.491043     18.080881
3     7     11.354411     32.463490
3     5     17.422254     24.458960
7     8     8.361309     33.924690
