9    8    0    9422    966    0    15
12     36     0.044557
22     48     18.663900
25     19     6.468093
10     31     12.649922
18     45     13.591723
34     31     17.492599
1     19     0.054933
24     40     16.243171
33     14     6.040223
0     4     1.992859     16.618685
0     3     12.503433     9.647212
1     6     24.786370     62.934454
1     5     18.012024     24.729212
2     5     1.081118     18.319278
3     7     17.236854     29.985955
3     5     24.373608     27.699912
7     8     18.562883     52.117846
