9    8    0    9322    139    0    15
12     36     15.591906
22     48     4.709616
25     19     12.920927
10     31     1.580248
18     45     5.752739
34     31     2.691733
1     19     13.771783
24     40     14.053774
33     14     5.014191
0     4     11.987671     20.044806
0     3     18.560595     9.277919
1     6     22.559282     67.559555
1     5     17.184973     20.911989
2     5     17.629780     16.293424
3     7     13.264870     30.020916
3     5     23.133793     36.792380
7     8     2.652821     34.983946
