9    8    0    8512    578    0    15
12     36     3.966185
22     48     16.122929
25     19     3.248390
10     31     14.360179
18     45     3.742790
34     31     16.884671
1     19     15.258644
24     40     11.734977
33     14     2.540361
0     4     17.912076     13.322964
0     3     2.006592     8.444527
1     6     20.072024     54.179629
1     5     1.541948     37.983624
2     5     22.489853     15.526133
3     7     9.018220     18.639438
3     5     2.476577     40.143669
7     8     21.990112     39.526470
