9    8    0    5687    183    0    15
12     36     17.419965
22     48     19.137547
25     19     1.131016
10     31     8.777734
18     45     9.750053
34     31     10.714438
1     19     19.330424
24     40     19.490951
33     14     9.377728
0     4     16.807306     21.410486
0     3     19.438765     6.630370
1     6     12.270730     54.614072
1     5     5.948820     34.575238
2     5     22.827845     23.700029
3     7     22.626423     21.571028
3     5     1.899014     31.221473
7     8     0.666066     49.359589
