9    8    0    8053    559    0    15
12     36     13.297525
22     48     5.955382
25     19     19.743034
10     31     8.478042
18     45     5.839412
34     31     11.480453
1     19     6.097598
24     40     3.477279
33     14     10.096744
0     4     20.758690     14.785145
0     3     0.041200     8.127519
1     6     5.878628     57.714658
1     5     5.486465     24.900286
2     5     23.263497     15.939741
3     7     3.764458     24.766066
3     5     22.373882     35.475093
7     8     13.881344     39.376910
