9    8    0    8958    267    0    15
12     36     16.745506
22     48     17.755058
25     19     8.389538
10     31     18.999603
18     45     19.111301
34     31     14.509720
1     19     16.452528
24     40     10.180364
33     14     8.402966
0     4     14.107181     21.614655
0     3     15.840632     9.122880
1     6     0.439467     37.360846
1     5     7.454909     27.722522
2     5     0.835444     29.278300
3     7     24.323252     29.934319
3     5     14.738914     34.532898
7     8     8.065279     51.113570
