9    8    0    7083    664    0    15
12     36     5.323038
22     48     5.742363
25     19     5.511032
10     31     17.645802
18     45     13.354900
34     31     0.581072
1     19     13.760796
24     40     5.885189
33     14     15.801874
0     4     16.679128     18.881761
0     3     12.955870     9.719191
1     6     7.275613     53.275945
1     5     4.390088     32.845236
2     5     21.735282     25.881606
3     7     9.395123     21.467309
3     5     17.558061     36.605644
7     8     21.475875     47.153163
