9    8    0    5995    782    0    15
12     36     19.600208
22     48     7.607654
25     19     12.945341
10     31     4.892727
18     45     7.035127
34     31     11.059908
1     19     4.416639
24     40     7.689444
33     14     18.926969
0     4     23.495437     20.908847
0     3     22.748497     9.582644
1     6     17.119358     48.798669
1     5     4.870754     32.752559
2     5     24.758904     17.469643
3     7     15.946684     20.373559
3     5     1.487777     30.328505
7     8     20.074313     54.060456
