9    8    0    6071    67    0    15
12     36     11.431013
22     48     0.469985
25     19     14.950407
10     31     0.106204
18     45     8.684347
34     31     11.307108
1     19     6.876431
24     40     14.338816
33     14     5.992004
0     4     11.569567     16.021474
0     3     17.214728     5.531295
1     6     0.472274     61.171129
1     5     1.084170     33.136360
2     5     7.696768     26.951849
3     7     21.195868     33.196619
3     5     17.151402     30.529740
7     8     23.039949     46.373040
