9    8    0    6810    1030    0    15
12     36     5.680715
22     48     7.849361
25     19     13.268227
10     31     11.266213
18     45     14.424268
34     31     3.759270
1     19     18.533280
24     40     18.247017
33     14     19.884640
0     4     4.992828     14.835604
0     3     0.650044     5.795967
1     6     8.238472     63.985436
1     5     5.979339     25.353574
2     5     1.181066     16.836815
3     7     12.984863     19.430603
3     5     9.794916     41.358250
7     8     11.852626     33.376752
