9    8    0    8815    1832    0    15
12     36     14.147160
22     48     8.982208
25     19     18.598590
10     31     4.133427
18     45     4.134037
34     31     5.041658
1     19     17.390667
24     40     11.723380
33     14     14.815516
0     4     20.742668     11.265317
0     3     0.146489     9.661982
1     6     8.627583     44.216374
1     5     15.844447     32.487018
2     5     15.488144     25.242310
3     7     7.352672     28.210684
3     5     7.844783     37.858069
7     8     20.187994     40.859424
