9    8    0    6580    1776    0    15
12     36     7.119968
22     48     3.290506
25     19     9.162267
10     31     2.449416
18     45     17.722098
34     31     12.978301
1     19     14.568316
24     40     5.992615
33     14     18.319651
0     4     7.480087     12.513126
0     3     7.155065     10.266839
1     6     22.864467     43.873099
1     5     19.067202     29.764535
2     5     0.359355     26.316005
3     7     9.608753     16.817465
3     5     21.494186     39.275749
7     8     7.409894     46.265567
