9    8    0    9512    275    0    15
12     36     15.883663
22     48     19.255959
25     19     12.245247
10     31     17.035432
18     45     2.162542
34     31     5.970641
1     19     13.920713
24     40     11.117893
33     14     8.876003
0     4     0.100711     15.985805
0     3     6.795709     8.307489
1     6     6.528672     45.393238
1     5     12.515641     28.556769
2     5     22.587512     16.764405
3     7     15.003662     18.277855
3     5     12.183752     28.258558
7     8     7.889035     30.047370
