9    8    0    7567    2413    0    15
12     36     3.184301
22     48     0.792261
25     19     18.569903
10     31     1.509445
18     45     9.643849
34     31     7.063204
1     19     1.282998
24     40     13.356731
33     14     0.427259
0     4     21.092868     16.941859
0     3     2.459792     5.632591
1     6     13.935514     59.791488
1     5     21.163060     24.905845
2     5     11.857204     26.137443
3     7     3.122044     29.685398
3     5     0.356304     28.072518
7     8     24.847407     38.025905
