9    8    0    942    356    0    15
12     36     17.473678
22     48     7.879269
25     19     18.726157
10     31     12.949004
18     45     1.115757
34     31     0.740989
1     19     9.593799
24     40     9.526658
33     14     11.219825
0     4     10.956145     19.252470
0     3     21.201209     8.384698
1     6     17.220832     67.071546
1     5     21.785638     21.018275
2     5     24.051637     23.518751
3     7     0.365459     32.370487
3     5     16.607410     41.836172
7     8     11.274300     40.782491
