9    8    0    7879    269    0    15
12     36     1.257973
22     48     15.253761
25     19     0.377819
10     31     16.783959
18     45     2.882778
34     31     16.674703
1     19     14.923551
24     40     3.640858
33     14     10.094302
0     4     17.400128     14.179711
0     3     24.835200     9.172535
1     6     23.501541     61.911824
1     5     18.141728     36.159058
2     5     14.145329     23.523828
3     7     18.335520     25.425072
3     5     20.754112     30.421194
7     8     6.262398     45.137323
