9    8    0    5912    849    0    15
12     36     16.027711
22     48     16.966460
25     19     2.990814
10     31     18.264718
18     45     2.780236
34     31     17.081210
1     19     4.058351
24     40     3.206275
33     14     6.373486
0     4     3.114414     16.821330
0     3     6.155583     8.108889
1     6     15.405744     36.730690
1     5     18.556017     35.390509
2     5     20.835749     21.649069
3     7     3.014466     25.846981
3     5     4.303873     34.302847
7     8     24.813837     34.639466
