9    8    0    5987    462    0    15
12     36     17.742241
22     48     13.068636
25     19     16.588641
10     31     14.825892
18     45     11.839351
34     31     1.274453
1     19     14.574419
24     40     10.749229
33     14     1.336711
0     4     0.290689     20.869718
0     3     21.969512     7.814822
1     6     19.299905     45.241638
1     5     7.782220     34.285684
2     5     10.714286     18.549978
3     7     4.869991     25.142016
3     5     1.766259     32.383648
7     8     20.825068     44.742821
