9    8    0    8128    393    0    15
12     36     6.140324
22     48     0.049440
25     19     4.176763
10     31     11.289407
18     45     10.288400
34     31     5.828425
1     19     10.957976
24     40     2.220527
33     14     12.768944
0     4     6.570635     19.349437
0     3     17.477950     8.968245
1     6     4.354991     66.050113
1     5     18.995483     24.571896
2     5     9.549242     16.207989
3     7     16.098514     21.483970
3     5     4.432051     34.170699
7     8     0.140385     53.490855
