9    8    0    662    524    0    15
12     36     19.788812
22     48     16.472671
25     19     18.820154
10     31     7.578356
18     45     4.907987
34     31     19.083834
1     19     17.113559
24     40     14.199042
33     14     0.893582
0     4     3.159429     15.003538
0     3     19.677572     8.370151
1     6     2.426984     45.754085
1     5     19.071780     25.276995
2     5     1.541948     24.441655
3     7     13.157292     31.973180
3     5     20.013276     36.080474
7     8     5.486465     49.286538
