9    8    0    582    2753    0    15
12     36     1.148717
22     48     4.964141
25     19     2.050233
10     31     12.488784
18     45     4.198737
34     31     5.648366
1     19     4.594256
24     40     8.762474
33     14     10.575884
0     4     0.225074     15.815999
0     3     2.803125     10.248489
1     6     6.760613     57.103209
1     5     14.877010     38.993729
2     5     2.867977     17.015436
3     7     22.473830     26.162799
3     5     13.638722     32.016082
7     8     0.536363     31.792729
