9    8    0    9070    6022    0    15
12     36     5.101474
22     48     10.508744
25     19     19.317606
10     31     10.680868
18     45     14.578692
34     31     4.847560
1     19     10.370800
24     40     8.154546
33     14     11.695303
0     4     0.681326     15.538102
0     3     18.928343     7.602104
1     6     24.035615     71.177498
1     5     24.230171     34.471833
2     5     4.426710     29.468993
3     7     1.997436     25.588314
3     5     15.781884     24.201415
7     8     4.487747     54.726483
