9    8    0    565    914    0    15
12     36     18.336741
22     48     1.015656
25     19     17.109897
10     31     19.509873
18     45     1.036409
34     31     17.960143
1     19     9.621265
24     40     16.513565
33     14     12.696310
0     4     20.125431     13.690217
0     3     15.557573     10.709217
1     6     8.120975     48.100956
1     5     20.982238     25.602013
2     5     16.840114     29.432574
3     7     20.171209     19.913885
3     5     17.285684     33.389353
7     8     2.650533     37.446034
