9    8    0    6435    3468    0    15
12     36     9.881893
22     48     12.710349
25     19     14.927824
10     31     11.666616
18     45     14.784997
34     31     4.907987
1     19     7.655263
24     40     15.404523
33     14     8.158208
0     4     24.959563     20.769087
0     3     12.623218     10.337765
1     6     7.144383     64.875492
1     5     3.469192     38.062381
2     5     5.043947     24.201734
3     7     0.537126     27.012636
3     5     10.312967     45.205500
7     8     13.983581     35.570042
