9    8    0    8729    720    0    15
12     36     19.317606
22     48     0.197150
25     19     1.248207
10     31     7.866451
18     45     6.151921
34     31     4.523453
1     19     16.783959
24     40     6.696371
33     14     0.424207
0     4     10.261086     11.543868
0     3     12.318796     9.819433
1     6     5.254524     65.309741
1     5     13.044374     41.170899
2     5     15.614032     25.422732
3     7     10.402997     22.505104
3     5     15.113529     34.515670
7     8     6.535539     54.212602
