9    8    0    5983    1313    0    15
12     36     12.679220
22     48     1.043123
25     19     8.454237
10     31     19.404279
18     45     4.929960
34     31     9.467452
1     19     13.786431
24     40     13.196814
33     14     9.377728
0     4     16.322825     21.520512
0     3     11.209449     5.944669
1     6     24.398022     54.793135
1     5     7.046724     36.134328
2     5     7.681509     29.024813
3     7     1.860103     23.115295
3     5     18.078402     36.250672
7     8     24.665822     33.480865
