9    8    0    9508    416    0    15
12     36     16.089969
22     48     18.693808
25     19     19.009369
10     31     15.779290
18     45     16.021607
34     31     2.531816
1     19     14.595782
24     40     13.688772
33     14     10.354320
0     4     11.420789     15.659296
0     3     5.758843     10.285272
1     6     22.849208     44.262801
1     5     0.500504     29.697524
2     5     5.574206     23.998669
3     7     14.385662     24.766893
3     5     13.990448     44.630051
7     8     5.166784     32.752159
