9    8    0    7020    1215    0    15
12     36     8.025758
22     48     19.481796
25     19     9.626148
10     31     16.664937
18     45     0.112918
34     31     15.128636
1     19     6.842250
24     40     12.896512
33     14     6.726279
0     4     15.661336     18.358791
0     3     16.781365     7.679902
1     6     6.588183     63.254587
1     5     9.755242     39.045927
2     5     13.725700     25.846616
3     7     5.185095     33.246753
3     5     1.836451     42.326457
7     8     17.870876     52.402283
