9    8    0    6990    587    0    15
12     36     14.727622
22     48     9.307535
25     19     0.736717
10     31     0.419935
18     45     11.010468
34     31     5.660573
1     19     6.422315
24     40     8.076418
33     14     7.070528
0     4     1.129948     21.401029
0     3     11.124760     5.995807
1     6     0.740837     37.008479
1     5     19.953001     40.808591
2     5     20.048372     25.370600
3     7     18.333995     31.303949
3     5     24.964904     37.632008
7     8     21.495712     40.779763
