9    8    0    6895    715    0    15
12     36     3.504135
22     48     3.866695
25     19     8.074587
10     31     14.318674
18     45     4.715110
34     31     18.942839
1     19     11.598865
24     40     2.841273
33     14     5.807672
0     4     4.812006     16.860111
0     3     9.794153     8.370618
1     6     18.419446     68.183339
1     5     9.852138     38.275196
2     5     7.055879     27.125209
3     7     18.160802     29.414920
3     5     12.528611     30.940900
7     8     1.396985     44.117300
