9    8    0    8966    654    0    15
12     36     4.200568
22     48     5.630665
25     19     7.691885
10     31     1.311686
18     45     14.472488
34     31     2.649007
1     19     15.994140
24     40     9.782403
33     14     14.595782
0     4     10.853145     12.755702
0     3     12.072359     6.429046
1     6     0.710318     67.439714
1     5     7.113865     21.817791
2     5     10.830256     19.914215
3     7     23.765526     25.347094
3     5     21.632282     32.017276
7     8     3.749199     39.814523
