9    8    0    5829    1725    0    15
12     36     3.687857
22     48     16.785791
25     19     8.778954
10     31     4.201788
18     45     17.934507
34     31     4.107181
1     19     11.360820
24     40     18.638264
33     14     0.618915
0     4     0.568407     20.571334
0     3     2.445296     6.186228
1     6     11.723685     45.058239
1     5     20.600757     31.059231
2     5     2.036348     23.267626
3     7     16.422010     22.204911
3     5     10.992767     39.550432
7     8     10.179449     53.398883
