9    8    0    9295    105    0    15
12     36     15.655995
22     48     1.898862
25     19     3.081759
10     31     14.280221
18     45     2.996918
34     31     0.252693
1     19     17.236854
24     40     13.110141
33     14     15.788446
0     4     18.176824     12.975197
0     3     18.581194     6.479347
1     6     4.149754     49.027477
1     5     2.709281     38.799875
2     5     6.894131     29.122079
3     7     10.263375     24.707537
3     5     18.337046     31.024669
7     8     4.210028     47.597967
