9    8    0    6445    307    0    15
12     36     8.735618
22     48     5.709403
25     19     8.691061
10     31     7.755364
18     45     7.384259
34     31     5.483566
1     19     7.871334
24     40     17.714164
33     14     5.992004
0     4     14.104129     14.916087
0     3     5.496384     8.120444
1     6     12.495804     41.736282
1     5     15.825373     32.424719
2     5     16.776025     19.642542
3     7     16.839351     23.775970
3     5     13.212989     38.834521
7     8     5.969420     32.502861
