9    8    0    7270    1033    0    15
12     36     0.817896
22     48     15.386822
25     19     15.071871
10     31     2.826624
18     45     18.184759
34     31     9.085971
1     19     16.931669
24     40     7.320170
33     14     17.647633
0     4     2.965636     15.638420
0     3     13.151952     8.769843
1     6     0.958281     43.174101
1     5     13.681448     32.122177
2     5     15.871151     21.054372
3     7     19.370098     18.452749
3     5     22.749260     43.288736
7     8     1.249733     38.708979
