9    8    0    5716    192    0    15
12     36     0.285653
22     48     8.628803
25     19     19.285867
10     31     11.732536
18     45     16.716819
34     31     18.062685
1     19     5.316324
24     40     19.122898
33     14     12.668844
0     4     15.156255     12.063050
0     3     10.629597     5.589705
1     6     0.048067     65.107400
1     5     23.354289     35.827965
2     5     9.017457     16.610774
3     7     7.001709     27.696310
3     5     20.471053     45.268790
7     8     3.240303     34.815829
