9    8    0    7033    37    0    15
12     36     5.650197
22     48     19.457381
25     19     12.316050
10     31     7.259743
18     45     2.793054
34     31     2.315744
1     19     13.730277
24     40     14.490188
33     14     2.349925
0     4     16.136662     21.109262
0     3     18.913083     6.182869
1     6     9.775079     37.157989
1     5     23.199408     26.611052
2     5     11.645863     19.924439
3     7     12.379070     23.538965
3     5     17.757958     30.312927
7     8     23.992126     33.095804
