9    8    0    7455    43    0    15
12     36     12.325816
22     48     0.427259
25     19     0.701926
10     31     15.344707
18     45     7.395856
34     31     6.189154
1     19     6.323435
24     40     2.305368
33     14     17.419965
0     4     20.307016     17.091057
0     3     21.520127     6.421074
1     6     2.632221     63.762275
1     5     16.989654     41.195364
2     5     2.478866     15.658558
3     7     17.886898     32.517426
3     5     20.867031     27.936214
7     8     7.327494     41.154551
