9    8    0    7630    2933    0    15
12     36     12.325205
22     48     2.545244
25     19     1.630909
10     31     9.815363
18     45     14.904019
34     31     2.813807
1     19     3.258766
24     40     18.293405
33     14     7.394024
0     4     21.939756     11.190609
0     3     5.613880     10.483961
1     6     15.064699     55.527906
1     5     15.485855     22.049897
2     5     9.821619     22.523130
3     7     6.749168     19.951619
3     5     13.455611     24.199146
7     8     1.487014     45.332700
