9    8    0    8312    1971    0    15
12     36     8.416395
22     48     7.864010
25     19     4.458144
10     31     16.301767
18     45     6.589557
34     31     16.190680
1     19     2.233345
24     40     0.844142
33     14     0.952177
0     4     5.397198     14.363350
0     3     23.268838     9.873764
1     6     7.713553     64.587778
1     5     14.116337     38.120638
2     5     6.451613     16.177249
3     7     10.035249     24.506129
3     5     24.346141     34.588777
7     8     18.230232     46.032657
