9    8    0    5937    971    0    15
12     36     11.004975
22     48     15.739006
25     19     11.767327
10     31     8.019654
18     45     11.164892
34     31     1.286050
1     19     16.459853
24     40     11.697134
33     14     1.591845
0     4     1.804407     17.410348
0     3     17.757958     9.373645
1     6     7.727287     53.199256
1     5     9.770501     38.178099
2     5     18.974883     17.878989
3     7     14.291055     16.714210
3     5     15.255440     42.091946
7     8     22.019868     47.790260
