9    8    0    8530    48    0    15
12     36     3.781243
22     48     15.665761
25     19     13.028962
10     31     3.680532
18     45     8.138066
34     31     1.606494
1     19     2.425001
24     40     1.055330
33     14     17.642140
0     4     16.566210     11.964250
0     3     14.879299     5.638177
1     6     5.903043     46.799343
1     5     17.846461     29.454650
2     5     10.749382     25.377643
3     7     7.010865     25.865685
3     5     22.304453     25.870730
7     8     14.716788     51.515186
