9    8    0    5693    1286    0    15
12     36     9.578539
22     48     6.307566
25     19     12.235481
10     31     6.956999
18     45     12.728660
34     31     13.251137
1     19     5.230873
24     40     17.469405
33     14     19.766228
0     4     19.004639     20.968955
0     3     17.267373     8.509300
1     6     21.880245     60.324388
1     5     18.760491     28.416797
2     5     6.692709     15.656425
3     7     12.481307     28.519804
3     5     7.926420     33.081814
7     8     5.954161     29.892871
