9    8    0    5280    4958    0    15
12     36     4.837794
22     48     19.559313
25     19     19.617908
10     31     0.713523
18     45     1.805475
34     31     10.807215
1     19     0.707419
24     40     9.072542
33     14     13.442793
0     4     13.689840     17.893915
0     3     24.404126     6.180065
1     6     2.046266     62.654019
1     5     10.554827     39.744913
2     5     10.853145     18.962868
3     7     19.586016     22.189368
3     5     15.713218     44.149153
7     8     19.233528     44.623870
