9    8    0    1271    5457    0    15
12     36     15.864132
22     48     16.001465
25     19     10.045473
10     31     15.234840
18     45     15.620594
34     31     2.844935
1     19     17.305216
24     40     11.683706
33     14     6.787927
0     4     2.768029     13.392793
0     3     21.673482     7.009612
1     6     8.607746     50.391966
1     5     7.613605     27.909867
2     5     21.388897     19.548696
3     7     14.525285     29.726000
3     5     18.731498     33.600325
7     8     6.762902     48.485088
