9    8    0    1333    901    0    15
12     36     12.192145
22     48     16.382336
25     19     9.996643
10     31     14.535356
18     45     2.964568
34     31     6.956999
1     19     10.879238
24     40     10.197455
33     14     12.654195
0     4     16.327403     20.192201
0     3     14.329203     9.325301
1     6     23.136845     46.547396
1     5     21.562853     35.813490
2     5     14.374981     15.885992
3     7     21.262246     24.568375
3     5     8.337657     27.157316
7     8     20.274209     29.550357
