9    8    0    1365    832    0    15
12     36     3.026215
22     48     15.761589
25     19     0.046999
10     31     18.301340
18     45     4.453871
34     31     10.509964
1     19     7.030244
24     40     18.710288
33     14     14.039735
0     4     5.832087     16.846133
0     3     12.208167     7.906965
1     6     16.311380     65.347578
1     5     11.106449     30.451110
2     5     12.527085     26.626106
3     7     16.993469     20.242107
3     5     16.459395     44.524499
7     8     24.819941     48.125302
