9    8    0    1257    378    0    15
12     36     9.878842
22     48     16.712546
25     19     12.357555
10     31     16.823023
18     45     19.722282
34     31     0.643941
1     19     3.502915
24     40     4.600970
33     14     2.625202
0     4     4.464858     13.908625
0     3     10.934019     8.079881
1     6     24.933622     54.590225
1     5     4.823450     30.851848
2     5     20.668661     29.926430
3     7     5.545976     27.534310
3     5     19.289224     25.607446
7     8     13.592944     47.594883
