9    8    0    79    2032    0    15
12     36     14.305857
22     48     13.288369
25     19     1.487472
10     31     17.572558
18     45     8.899808
34     31     1.282998
1     19     19.711905
24     40     3.657338
33     14     6.225166
0     4     11.258278     12.460354
0     3     22.631764     10.460283
1     6     2.237007     38.935222
1     5     22.331156     41.122814
2     5     22.562334     17.370793
3     7     16.106143     23.142730
3     5     12.953581     38.154676
7     8     21.893216     46.503912
