9    8    0    1283    2060    0    15
12     36     18.968474
22     48     14.604938
25     19     16.334117
10     31     2.521439
18     45     7.950682
34     31     15.344096
1     19     5.159459
24     40     0.614032
33     14     6.878872
0     4     22.746971     13.151298
0     3     24.891659     10.301475
1     6     24.668111     67.465710
1     5     24.270608     40.620720
2     5     13.471633     19.331341
3     7     14.933470     20.044997
3     5     16.571551     26.612394
7     8     16.423536     29.449097
