9    8    0    1089    826    0    15
12     36     19.691153
22     48     8.371227
25     19     19.812616
10     31     0.022584
18     45     4.840236
34     31     16.884671
1     19     2.736900
24     40     4.798730
33     14     13.027131
0     4     19.111454     16.807367
0     3     8.883938     6.201390
1     6     9.384442     54.729284
1     5     17.166662     35.236431
2     5     22.252571     22.710630
3     7     15.341655     25.489056
3     5     17.612995     26.474728
7     8     8.945738     31.038383
