9    8    0    1120    124    0    15
12     36     6.541337
22     48     10.565508
25     19     3.612781
10     31     11.601917
18     45     8.766137
34     31     16.292611
1     19     19.420759
24     40     14.625690
33     14     0.117801
0     4     7.125309     11.380862
0     3     8.289590     9.361459
1     6     11.535997     58.602019
1     5     24.974059     25.206715
2     5     22.441023     27.848348
3     7     7.261116     21.634771
3     5     11.944945     47.756609
7     8     10.537278     45.258536
