9    8    0    1541    3061    0    15
12     36     4.624775
22     48     17.861263
25     19     18.787194
10     31     9.800714
18     45     18.304392
34     31     9.401532
1     19     12.561419
24     40     4.888455
33     14     19.002655
0     4     4.790643     21.456950
0     3     20.566424     8.281435
1     6     1.735740     36.038169
1     5     19.751579     40.225531
2     5     2.599414     28.800581
3     7     16.451765     29.319879
3     5     5.955687     44.912225
7     8     2.016511     53.902526
