9    8    0    1445    423    0    15
12     36     8.500015
22     48     8.614765
25     19     18.491165
10     31     17.490158
18     45     6.748253
34     31     13.791314
1     19     17.458419
24     40     14.325999
33     14     3.345439
0     4     22.148045     20.945170
0     3     24.250008     6.125417
1     6     3.355510     62.231964
1     5     12.083041     25.090762
2     5     3.413495     20.598217
3     7     22.431104     30.909879
3     5     12.215796     25.021030
7     8     12.251656     46.148661
