9    8    0    1866    562    0    15
12     36     8.072756
22     48     5.701468
25     19     3.575549
10     31     11.921140
18     45     8.235725
34     31     3.471175
1     19     10.528275
24     40     5.157018
33     14     1.597949
0     4     22.651601     14.066694
0     3     0.667592     6.704328
1     6     23.477126     39.519514
1     5     16.589862     40.505011
2     5     18.783380     15.661471
3     7     6.658376     21.065462
3     5     5.015717     39.241339
7     8     0.444807     36.066908
