9    8    0    165    1001    0    15
12     36     0.681784
22     48     15.634632
25     19     13.483688
10     31     14.108707
18     45     12.832423
34     31     15.522324
1     19     18.906827
24     40     0.280160
33     14     13.910337
0     4     15.958129     10.930663
0     3     9.958953     10.567382
1     6     5.046999     45.390835
1     5     12.324137     37.062513
2     5     3.923917     25.404452
3     7     3.174688     23.449474
3     5     2.736747     31.932576
7     8     16.196173     41.318309
