9    8    0    1920    312    0    15
12     36     2.393872
22     48     15.218360
25     19     17.181310
10     31     15.834223
18     45     18.703574
34     31     6.258126
1     19     7.165136
24     40     7.549059
33     14     5.629444
0     4     22.569964     21.171153
0     3     22.096164     8.505528
1     6     9.254738     46.897182
1     5     5.742821     32.530963
2     5     9.360790     15.450325
3     7     5.820643     32.318785
3     5     22.322764     31.011036
7     8     9.212775     27.830191
