9    8    0    1590    1852    0    15
12     36     5.942564
22     48     3.276467
25     19     2.863247
10     31     1.317179
18     45     8.363292
34     31     7.847530
1     19     14.002503
24     40     12.291025
33     14     5.436567
0     4     21.436964     11.570626
0     3     16.255684     7.227513
1     6     11.413923     45.212840
1     5     12.086093     23.326323
2     5     14.165166     15.635670
3     7     20.529038     28.072610
3     5     1.462600     43.654431
7     8     7.593768     42.359730
