9    8    0    1708    466    0    15
12     36     16.328623
22     48     12.763451
25     19     11.240577
10     31     9.367962
18     45     13.594165
34     31     17.228919
1     19     10.967132
24     40     5.075838
33     14     19.036836
0     4     14.406262     21.101163
0     3     14.064455     8.766445
1     6     11.980804     66.939177
1     5     5.964080     25.488556
2     5     13.102359     17.628500
3     7     5.073702     18.941035
3     5     9.545427     33.303421
7     8     5.833613     46.229860
