9    8    0    2036    219    0    15
12     36     10.859706
22     48     15.603504
25     19     18.691977
10     31     13.279824
18     45     0.523087
34     31     8.062990
1     19     0.749535
24     40     17.429731
33     14     11.207007
0     4     5.388806     11.194594
0     3     17.523728     6.345835
1     6     13.542589     45.497023
1     5     16.980499     26.307399
2     5     3.411206     18.509000
3     7     2.697073     24.043818
3     5     20.151372     44.840824
7     8     11.202582     27.870840
