9    8    0    170    1215    0    15
12     36     11.692862
22     48     11.815546
25     19     4.126713
10     31     14.141667
18     45     18.278146
34     31     8.240608
1     19     6.503494
24     40     11.471908
33     14     14.669027
0     4     10.817286     18.466445
0     3     15.410321     6.026666
1     6     6.677450     41.037670
1     5     1.758629     31.644944
2     5     20.301675     23.540945
3     7     9.500412     29.897678
3     5     1.355785     42.360218
7     8     3.132725     39.516051
