9    8    0    2041    173    0    15
12     36     0.652486
22     48     8.625752
25     19     2.614216
10     31     1.957457
18     45     4.911649
34     31     8.359020
1     19     5.294351
24     40     10.030824
33     14     7.074190
0     4     23.183386     17.030405
0     3     21.561327     5.585661
1     6     11.252937     42.741282
1     5     23.136845     21.493794
2     5     0.795007     29.697781
3     7     21.826075     29.372437
3     5     2.410199     32.899598
7     8     0.025941     42.341264
