9    8    0    1828    935    0    15
12     36     9.366741
22     48     19.542222
25     19     14.747765
10     31     2.744224
18     45     15.480819
34     31     4.388562
1     19     14.429762
24     40     9.667653
33     14     10.909757
0     4     9.002197     20.109166
0     3     7.002472     9.740727
1     6     20.711386     61.261671
1     5     13.969848     37.682651
2     5     21.020386     15.806923
3     7     6.952879     17.633547
3     5     12.702567     32.454406
7     8     12.907041     33.346141
