9    8    0    2008    2759    0    15
12     36     14.784387
22     48     17.536546
25     19     10.053407
10     31     12.867824
18     45     5.269326
34     31     9.701224
1     19     8.984039
24     40     10.934172
33     14     3.100681
0     4     12.887204     17.742936
0     3     17.830439     6.794760
1     6     6.918546     48.501809
1     5     15.878780     41.193612
2     5     8.893094     25.493442
3     7     11.947996     23.662103
3     5     18.631550     33.493314
7     8     2.101962     47.800036
