9    8    0    2047    122    0    15
12     36     18.188421
22     48     19.622791
25     19     18.993500
10     31     4.184698
18     45     5.717948
34     31     18.731040
1     19     10.045473
24     40     5.465865
33     14     19.853511
0     4     23.152867     11.402195
0     3     19.607379     7.999091
1     6     23.371838     38.839593
1     5     17.645039     22.973834
2     5     0.779748     20.370282
3     7     18.049409     19.132853
3     5     10.100864     25.766435
7     8     8.216346     40.146332
