9    8    0    1595    382    0    15
12     36     15.520493
22     48     11.501205
25     19     17.628101
10     31     7.774285
18     45     9.555345
34     31     4.144414
1     19     0.803247
24     40     18.873867
33     14     2.546464
0     4     2.264473     16.283796
0     3     14.195685     5.656154
1     6     20.155187     51.882239
1     5     6.694235     37.334449
2     5     7.292398     22.250208
3     7     16.927091     25.232093
3     5     15.007477     30.044414
7     8     18.514817     29.491290
