9    8    0    1587    630    0    15
12     36     19.324931
22     48     3.534654
25     19     1.584521
10     31     14.523148
18     45     7.053438
34     31     7.606433
1     19     4.981231
24     40     5.354167
33     14     7.940306
0     4     19.333476     20.318711
0     3     22.312082     5.588572
1     6     16.728721     48.291091
1     5     20.035401     36.496779
2     5     23.088015     24.198660
3     7     19.581439     30.549602
3     5     16.946165     24.586846
7     8     15.426344     49.990312
