9    8    0    1987    1196    0    15
12     36     19.089328
22     48     5.842463
25     19     2.086245
10     31     14.065981
18     45     15.324564
34     31     11.980956
1     19     14.648885
24     40     16.925565
33     14     4.677877
0     4     14.263588     16.317960
0     3     12.525559     7.007091
1     6     1.786096     67.080502
1     5     5.628376     26.788726
2     5     20.426801     17.376539
3     7     10.963012     26.222171
3     5     5.349895     26.526056
7     8     24.331645     48.447230
