9    8    0    135    1008    0    15
12     36     7.582629
22     48     6.739708
25     19     8.224128
10     31     15.290384
18     45     4.365978
34     31     1.817682
1     19     18.929411
24     40     18.676107
33     14     17.747734
0     4     1.171148     19.404896
0     3     17.659536     5.613204
1     6     5.442976     43.552176
1     5     0.064852     32.586669
2     5     20.638142     16.561310
3     7     23.035371     29.446762
3     5     3.706473     33.385308
7     8     19.967498     45.634186
