9    8    0    1912    0    0    15
12     36     1.336711
22     48     11.116062
25     19     15.643178
10     31     8.975494
18     45     12.720115
34     31     6.814783
1     19     8.885769
24     40     18.582110
33     14     4.843287
0     4     0.978118     20.213906
0     3     20.599994     7.053504
1     6     7.231361     64.170494
1     5     22.314371     23.947919
2     5     5.243080     15.228666
3     7     0.081637     25.810107
3     5     12.703330     32.239969
7     8     11.880856     49.385491
