9    8    0    1858    224    0    15
12     36     4.323252
22     48     16.141850
25     19     16.162603
10     31     17.984558
18     45     11.937620
34     31     6.614582
1     19     18.584552
24     40     7.829218
33     14     15.173193
0     4     7.864620     11.529236
0     3     10.395367     8.524495
1     6     2.000488     48.052657
1     5     21.476638     33.314580
2     5     17.023988     24.168101
3     7     20.399335     32.137312
3     5     21.899319     42.724248
7     8     24.987793     44.175810
