9    8    0    1622    878    0    15
12     36     0.649434
22     48     8.105716
25     19     18.770714
10     31     10.673544
18     45     4.282357
34     31     2.481155
1     19     19.858394
24     40     14.653157
33     14     10.964080
0     4     6.897183     11.186408
0     3     5.835902     6.846330
1     6     11.207923     37.445183
1     5     12.831507     38.954341
2     5     19.331187     15.583407
3     7     9.460738     32.818220
3     5     16.476180     35.864132
7     8     6.852931     47.088417
