9    8    0    2220    1730    0    15
12     36     14.121525
22     48     19.958495
25     19     5.656301
10     31     14.946135
18     45     9.907529
34     31     0.582293
1     19     19.716788
24     40     5.311441
33     14     0.112918
0     4     11.522263     15.146422
0     3     8.200323     9.846136
1     6     18.761254     38.209748
1     5     18.633839     37.515550
2     5     11.841182     26.510877
3     7     3.782769     18.929350
3     5     0.653096     47.144697
7     8     17.282632     41.073371
