9    8    0    2253    3846    0    15
12     36     13.626514
22     48     12.202521
25     19     2.308420
10     31     7.837153
18     45     13.661916
34     31     9.106723
1     19     13.577074
24     40     9.068270
33     14     1.931211
0     4     21.494949     12.523968
0     3     5.307932     7.967063
1     6     14.185766     37.724715
1     5     18.648335     27.471876
2     5     13.330485     22.327260
3     7     13.510544     28.426456
3     5     22.486801     39.918079
7     8     17.925047     42.563613
