9    8    0    2168    882    0    15
12     36     14.437696
22     48     3.167821
25     19     7.160253
10     31     16.224250
18     45     1.133457
34     31     14.427320
1     19     7.503891
24     40     8.338267
33     14     18.833583
0     4     23.466445     18.472230
0     3     4.277169     10.282350
1     6     12.311167     66.561228
1     5     22.631001     29.581963
2     5     18.430128     15.064620
3     7     23.207038     28.260718
3     5     2.504044     29.537721
7     8     10.768456     36.466675
