9    8    0    2358    507    0    15
12     36     12.914212
22     48     19.947508
25     19     12.914823
10     31     2.506180
18     45     6.169622
34     31     14.107486
1     19     14.789270
24     40     5.423750
33     14     6.993622
0     4     21.651357     15.006604
0     3     6.064791     8.148274
1     6     7.312998     64.944887
1     5     5.859554     24.652337
2     5     18.568987     27.533942
3     7     22.226630     19.290931
3     5     22.898038     25.994727
7     8     12.453078     49.039942
