9    8    0    15    492    0    15
12     36     18.225043
22     48     3.138524
25     19     6.822108
10     31     17.790460
18     45     16.944487
34     31     18.964202
1     19     17.498703
24     40     9.003571
33     14     0.495621
0     4     19.992676     20.005598
0     3     6.975768     9.229284
1     6     0.698111     55.505467
1     5     23.076571     35.224894
2     5     5.108798     21.410879
3     7     19.604328     25.352100
3     5     7.559435     30.432230
7     8     22.214423     39.577575
