9    8    0    2570    1355    0    15
12     36     9.066439
22     48     5.070345
25     19     7.538072
10     31     6.460768
18     45     7.421491
34     31     11.228980
1     19     10.122990
24     40     1.348308
33     14     17.374798
0     4     12.379833     12.261352
0     3     14.181188     6.651468
1     6     21.733757     41.995667
1     5     19.762261     35.622382
2     5     22.445601     29.206255
3     7     10.113834     28.148717
3     5     14.381085     27.951274
7     8     23.971526     46.725299
