9    8    0    2314    667    0    15
12     36     18.867153
22     48     7.578967
25     19     0.521867
10     31     7.257302
18     45     11.949828
34     31     8.402966
1     19     1.781060
24     40     0.453505
33     14     16.952422
0     4     16.377758     12.581127
0     3     10.170293     5.441240
1     6     1.649525     65.109054
1     5     13.362529     38.254898
2     5     18.101291     17.096177
3     7     1.772362     19.230966
3     5     17.041536     39.989607
7     8     5.036317     52.940410
