9    8    0    2429    163    0    15
12     36     16.744285
22     48     10.396435
25     19     9.301431
10     31     19.511704
18     45     18.561968
34     31     10.993377
1     19     19.083224
24     40     6.270333
33     14     17.516404
0     4     17.279580     15.512177
0     3     24.210334     6.474616
1     6     19.418928     50.163259
1     5     12.532426     40.172174
2     5     4.232154     21.668135
3     7     6.723228     28.408962
3     5     6.845302     43.362811
7     8     0.086215     33.620045
