9    8    0    2293    175    0    15
12     36     10.816370
22     48     9.788507
25     19     0.765404
10     31     12.778710
18     45     6.038392
34     31     15.967284
1     19     14.233833
24     40     13.746757
33     14     6.870937
0     4     23.383282     13.743195
0     3     1.210822     6.268273
1     6     20.860164     56.870059
1     5     5.726798     41.483761
2     5     22.552416     23.616145
3     7     11.690878     21.896270
3     5     1.248970     38.835167
7     8     21.695608     54.876515
