9    8    0    2212    532    0    15
12     36     12.596820
22     48     7.726066
25     19     5.213782
10     31     10.361644
18     45     13.366497
34     31     5.167394
1     19     8.834498
24     40     6.082949
33     14     3.210547
0     4     17.919706     15.203008
0     3     20.057527     8.471926
1     6     9.797967     50.856518
1     5     6.445509     37.692967
2     5     18.392743     29.032011
3     7     15.881832     23.120822
3     5     18.923002     32.360990
7     8     24.289682     36.798738
