9    8    0    2362    1954    0    15
12     36     1.660207
22     48     17.485275
25     19     14.822840
10     31     5.669729
18     45     2.665487
34     31     18.717612
1     19     12.480239
24     40     6.328928
33     14     6.707968
0     4     9.739982     20.860629
0     3     4.853969     10.741338
1     6     11.953337     41.389077
1     5     5.894650     29.715275
2     5     13.154241     17.716935
3     7     7.217627     26.092493
3     5     15.720084     47.068534
7     8     15.975677     44.810807
