9    8    0    2087    901    0    15
12     36     11.950438
22     48     15.258034
25     19     11.290628
10     31     9.771416
18     45     11.262551
34     31     15.980102
1     19     4.284188
24     40     11.912595
33     14     1.665090
0     4     17.128513     21.217734
0     3     7.596820     9.065444
1     6     20.464949     42.500691
1     5     18.239387     27.192369
2     5     10.692160     29.753824
3     7     3.773614     20.830378
3     5     17.396313     46.110088
7     8     22.864467     45.348720
