9    8    0    2165    417    0    15
12     36     17.833186
22     48     14.167913
25     19     18.264107
10     31     17.600635
18     45     1.933653
34     31     0.255135
1     19     6.278878
24     40     10.389111
33     14     6.075014
0     4     1.604511     20.803480
0     3     24.878689     6.609003
1     6     10.223701     70.589878
1     5     12.949004     27.188128
2     5     18.221839     23.952119
3     7     5.355235     22.363379
3     5     17.703024     37.919941
7     8     24.098941     32.244390
