9    8    0    2340    1020    0    15
12     36     12.856838
22     48     15.336161
25     19     3.145848
10     31     6.500443
18     45     8.493301
34     31     19.110691
1     19     9.180578
24     40     8.075808
33     14     9.455855
0     4     6.219672     19.083018
0     3     9.825434     8.307649
1     6     19.488357     39.067401
1     5     23.874630     33.588810
2     5     13.657033     22.935777
3     7     13.792840     26.569499
3     5     7.511368     28.531755
7     8     23.754082     45.581342
