9    8    0    2833    1677    0    15
12     36     12.002319
22     48     8.825953
25     19     1.923887
10     31     16.323740
18     45     8.830836
34     31     3.831904
1     19     12.343516
24     40     3.008515
33     14     2.171087
0     4     2.428510     13.696420
0     3     10.819575     7.199811
1     6     8.780175     65.529499
1     5     20.779290     36.799655
2     5     3.798791     28.327313
3     7     0.212867     27.650385
3     5     4.466384     39.157141
7     8     8.962523     34.320601
