9    8    0    2760    448    0    15
12     36     9.094516
22     48     8.508560
25     19     16.579485
10     31     11.501816
18     45     5.105747
34     31     11.866207
1     19     10.809046
24     40     0.479751
33     14     9.454634
0     4     7.622761     19.625235
0     3     3.595843     9.531397
1     6     12.720115     43.057677
1     5     15.101321     37.756739
2     5     18.540757     26.546422
3     7     14.452803     22.625064
3     5     6.595813     44.288268
7     8     7.309946     42.857621
