9    8    0    2745    936    0    15
12     36     16.578265
22     48     6.642659
25     19     6.525468
10     31     0.307016
18     45     17.688528
34     31     2.327342
1     19     9.184851
24     40     2.915738
33     14     18.924528
0     4     11.214789     15.485084
0     3     6.968139     6.218646
1     6     3.285318     64.607953
1     5     24.479659     23.064805
2     5     10.333567     28.901461
3     7     2.352214     25.025318
3     5     21.384320     30.954153
7     8     10.022279     35.561915
