9    8    0    2606    968    0    15
12     36     2.172918
22     48     15.961791
25     19     13.136998
10     31     8.128910
18     45     7.179785
34     31     17.195959
1     19     17.898495
24     40     16.772362
33     14     7.509995
0     4     15.388958     15.891045
0     3     24.485000     7.620367
1     6     5.681021     43.523105
1     5     4.786065     36.037127
2     5     12.432478     22.996938
3     7     12.979522     32.311922
3     5     13.285470     36.013495
7     8     1.823481     27.681869
