9    8    0    2912    528    0    15
12     36     8.406018
22     48     5.675222
25     19     1.075472
10     31     16.131474
18     45     8.552507
34     31     4.450819
1     19     9.485153
24     40     9.544969
33     14     13.825495
0     4     9.688864     16.736024
0     3     19.045076     10.379892
1     6     7.891324     67.816087
1     5     23.165838     37.205222
2     5     21.733757     25.487027
3     7     10.860012     25.820840
3     5     22.476119     46.661365
7     8     12.691885     49.512967
