9    8    0    2628    214    0    15
12     36     5.392010
22     48     2.879727
25     19     2.910855
10     31     6.456496
18     45     11.537217
34     31     19.249245
1     19     6.930143
24     40     2.399976
33     14     17.549364
0     4     7.657857     17.282047
0     3     15.272988     9.285268
1     6     8.479568     49.993408
1     5     12.044893     34.818533
2     5     20.288705     19.869692
3     7     20.758690     16.670984
3     5     10.188604     37.506299
7     8     7.547990     44.008493
