9    8    0    2618    938    0    15
12     36     2.968841
22     48     18.793909
25     19     13.965270
10     31     2.731407
18     45     16.937162
34     31     12.756127
1     19     0.140996
24     40     13.018586
33     14     0.604266
0     4     19.051180     21.599791
0     3     1.269570     7.249551
1     6     23.805200     48.836174
1     5     19.605090     38.642645
2     5     16.535691     21.253367
3     7     11.609241     32.097497
3     5     14.726707     32.366896
7     8     15.050203     42.456597
