9    8    0    203    799    0    15
12     36     19.365215
22     48     9.933164
25     19     6.015198
10     31     0.806909
18     45     18.131657
34     31     18.627277
1     19     17.029939
24     40     0.266121
33     14     10.876797
0     4     1.400037     14.387325
0     3     6.319620     7.203390
1     6     20.726646     58.356483
1     5     0.010681     24.469916
2     5     2.155370     28.604513
3     7     15.702536     20.214769
3     5     7.685324     37.857597
7     8     18.671224     44.532521
