9    8    0    2885    263    0    15
12     36     2.738731
22     48     1.507004
25     19     11.423688
10     31     8.545183
18     45     9.956969
34     31     17.229530
1     19     1.384930
24     40     19.503159
33     14     17.875912
0     4     1.416059     17.528230
0     3     20.721305     7.577789
1     6     4.470199     40.559666
1     5     7.075716     28.005112
2     5     13.659322     20.193395
3     7     10.316019     20.374353
3     5     4.805902     25.426150
7     8     4.419080     31.579526
