9    8    0    206    1188    0    15
12     36     6.400952
22     48     9.095126
25     19     8.028199
10     31     5.366375
18     45     15.379498
34     31     15.926389
1     19     2.518998
24     40     8.067873
33     14     15.351421
0     4     14.975433     18.632400
0     3     7.335887     8.570993
1     6     6.561480     48.308500
1     5     21.063112     22.499049
2     5     5.220191     28.851222
3     7     14.671773     17.782950
3     5     3.315836     36.863354
7     8     15.577410     43.707532
