9    8    0    2787    363    0    15
12     36     18.295236
22     48     12.164068
25     19     3.416242
10     31     12.868435
18     45     19.520859
34     31     10.625324
1     19     5.877255
24     40     19.174780
33     14     17.855159
0     4     11.128574     16.451663
0     3     20.108646     9.860294
1     6     23.468734     40.123497
1     5     15.394299     24.640483
2     5     17.373424     23.259035
3     7     14.337596     30.906939
3     5     18.734550     31.963204
7     8     20.203253     27.884145
