9    8    0    2631    1397    0    15
12     36     13.203528
22     48     4.060793
25     19     19.928587
10     31     0.513932
18     45     3.674429
34     31     0.990631
1     19     13.987854
24     40     14.133732
33     14     4.362926
0     4     9.308145     10.957130
0     3     11.960967     7.753370
1     6     1.284066     44.804737
1     5     9.178442     23.378784
2     5     17.268899     19.454612
3     7     7.088687     30.373145
3     5     4.622028     47.441677
7     8     20.748772     41.322215
