9    8    0    2795    409    0    15
12     36     2.956633
22     48     7.256691
25     19     4.307993
10     31     1.455733
18     45     0.643941
34     31     14.574419
1     19     18.131657
24     40     1.918394
33     14     5.683157
0     4     4.365673     16.685803
0     3     11.637471     10.705754
1     6     5.580309     37.590924
1     5     0.193793     37.133013
2     5     3.373058     27.619297
3     7     21.237068     18.458934
3     5     7.550279     39.642944
7     8     0.074770     43.006809
