9    8    0    2662    157    0    15
12     36     13.625294
22     48     4.668111
25     19     7.119968
10     31     8.012329
18     45     5.618458
34     31     6.861782
1     19     6.213569
24     40     13.120518
33     14     4.886624
0     4     0.010681     12.985917
0     3     12.170782     6.977504
1     6     7.750938     48.373598
1     5     21.351512     23.712730
2     5     2.464370     15.915507
3     7     12.068545     20.918533
3     5     5.857265     27.808648
7     8     24.893185     54.199993
