9    8    0    2897    264    0    15
12     36     18.565630
22     48     14.120304
25     19     17.691580
10     31     14.268624
18     45     18.675497
34     31     5.023347
1     19     11.324808
24     40     14.223457
33     14     16.590472
0     4     21.097446     14.704605
0     3     2.653584     10.687684
1     6     16.563158     67.358939
1     5     17.154454     25.821361
2     5     21.763512     26.710442
3     7     1.273385     18.518242
3     5     7.767724     39.695682
7     8     15.596484     33.123927
