9    8    0    2940    1015    0    15
12     36     7.928709
22     48     0.334483
25     19     10.987274
10     31     3.999145
18     45     14.304025
34     31     12.622456
1     19     8.205206
24     40     5.148473
33     14     7.334819
0     4     24.315622     20.377892
0     3     4.871517     7.315087
1     6     9.613330     59.884336
1     5     20.447401     28.476952
2     5     7.383953     28.510795
3     7     16.909543     19.538253
3     5     3.870510     29.951765
7     8     4.226814     41.633182
