9    8    0    2785    2780    0    15
12     36     15.976440
22     48     8.802759
25     19     18.640706
10     31     19.205908
18     45     12.186651
34     31     4.478896
1     19     18.101138
24     40     3.111057
33     14     8.335215
0     4     10.319071     11.473918
0     3     3.310495     8.250966
1     6     5.278939     54.460075
1     5     16.979736     35.264836
2     5     10.249641     28.701618
3     7     14.257485     22.708111
3     5     6.482894     41.256929
7     8     12.460707     41.430076
