9    8    0    3172    796    0    15
12     36     8.378552
22     48     10.221259
25     19     12.623066
10     31     10.210883
18     45     7.314676
34     31     3.653066
1     19     9.921567
24     40     0.568865
33     14     4.358043
0     4     4.403821     15.928996
0     3     14.072848     7.125871
1     6     14.854122     43.293091
1     5     12.447737     36.945496
2     5     14.469588     28.553637
3     7     2.642903     22.851135
3     5     6.953642     41.619375
7     8     20.374920     42.776739
