9    8    0    3255    814    0    15
12     36     0.595111
22     48     15.941038
25     19     14.631184
10     31     17.849055
18     45     19.932859
34     31     19.671010
1     19     8.883938
24     40     6.771447
33     14     14.092227
0     4     8.092746     17.090472
0     3     5.515458     9.355143
1     6     1.246681     55.160849
1     5     3.852199     33.663331
2     5     2.748955     20.495692
3     7     20.085757     27.785181
3     5     10.990478     30.726915
7     8     17.043062     54.220125
