9    8    0    3422    349    0    15
12     36     7.364116
22     48     10.786462
25     19     19.247414
10     31     12.713401
18     45     0.681784
34     31     6.937468
1     19     1.893368
24     40     13.233436
33     14     8.473159
0     4     14.166692     17.976053
0     3     22.427290     7.171768
1     6     24.708548     65.341873
1     5     22.115238     40.371428
2     5     23.330638     24.607049
3     7     8.311716     19.924659
3     5     18.185217     45.644515
7     8     14.506211     46.943246
