9    8    0    3358    739    0    15
12     36     19.796747
22     48     3.691519
25     19     9.660939
10     31     4.874416
18     45     11.619617
34     31     8.982818
1     19     9.829402
24     40     1.282388
33     14     16.537980
0     4     21.439253     17.740477
0     3     0.624104     8.948191
1     6     14.884640     67.468190
1     5     15.325632     35.046165
2     5     0.830866     29.017339
3     7     21.851253     20.537946
3     5     24.607837     47.714594
7     8     11.118656     51.681992
