9    8    0    3392    649    0    15
12     36     7.757805
22     48     6.730552
25     19     10.575884
10     31     19.633168
18     45     12.041993
34     31     2.000793
1     19     2.781457
24     40     1.813410
33     14     10.545976
0     4     8.767205     17.503442
0     3     23.972289     7.797650
1     6     24.129460     44.409293
1     5     18.897824     21.315651
2     5     13.702048     18.817287
3     7     9.966582     32.843114
3     5     12.617878     24.098675
7     8     17.376476     36.137823
