9    8    0    3120    1883    0    15
12     36     12.740257
22     48     3.233741
25     19     6.820887
10     31     3.305765
18     45     4.759667
34     31     19.732047
1     19     10.634480
24     40     19.015473
33     14     14.974822
0     4     0.867489     18.428684
0     3     2.533799     9.107046
1     6     18.366802     67.028730
1     5     0.352489     27.699625
2     5     2.504044     22.526807
3     7     4.543443     24.084614
3     5     1.982940     29.083167
7     8     24.369030     54.909406
