9    8    0    3453    349    0    15
12     36     17.009186
22     48     13.199866
25     19     4.079104
10     31     3.662221
18     45     6.516923
34     31     8.322398
1     19     16.243171
24     40     9.140904
33     14     0.458998
0     4     8.124790     11.478260
0     3     10.378582     10.390245
1     6     16.729484     61.998643
1     5     7.352672     38.400593
2     5     21.921445     26.018919
3     7     9.999390     24.005011
3     5     14.612262     27.768469
7     8     14.139225     45.143852
