9    8    0    3418    220    0    15
12     36     16.567278
22     48     15.306864
25     19     19.102145
10     31     3.483993
18     45     5.604419
34     31     15.739616
1     19     18.960540
24     40     9.076815
33     14     7.426984
0     4     15.206610     18.441969
0     3     13.644826     9.892921
1     6     10.956908     51.624479
1     5     4.898221     21.720708
2     5     11.665700     28.589253
3     7     24.407941     19.011723
3     5     3.103732     37.425415
7     8     5.591754     37.766151
