9    8    0    3404    96    0    15
12     36     17.889950
22     48     6.678060
25     19     13.002716
10     31     5.638600
18     45     13.871273
34     31     17.852107
1     19     8.576922
24     40     12.297128
33     14     11.760613
0     4     20.710623     13.879252
0     3     21.681875     10.475643
1     6     6.284524     46.185717
1     5     18.866543     34.213107
2     5     7.623524     19.800664
3     7     22.328104     22.105448
3     5     16.325114     46.773169
7     8     14.378796     36.794645
