9    8    0    3280    379    0    15
12     36     15.574816
22     48     12.836695
25     19     0.827662
10     31     1.455123
18     45     3.962523
34     31     18.690756
1     19     11.498764
24     40     0.877102
33     14     2.995697
0     4     18.610950     18.289941
0     3     9.284494     7.461552
1     6     7.850124     41.368988
1     5     8.681753     21.664395
2     5     4.238258     19.677296
3     7     23.008667     20.101042
3     5     14.085055     34.900606
7     8     20.073550     40.862172
