9    8    0    3341    1223    0    15
12     36     13.634449
22     48     9.754936
25     19     10.752281
10     31     17.720878
18     45     2.825404
34     31     11.813715
1     19     14.936979
24     40     16.310923
33     14     6.939299
0     4     24.821467     20.671875
0     3     11.917478     7.033997
1     6     20.860164     45.721557
1     5     15.309610     33.634708
2     5     9.718619     29.406745
3     7     5.951109     29.644827
3     5     3.180792     30.206693
7     8     18.295083     27.656676
