9    8    0    3410    86    0    15
12     36     18.384960
22     48     8.671529
25     19     6.798914
10     31     4.307993
18     45     9.530931
34     31     10.329905
1     19     19.382916
24     40     5.324870
33     14     15.843379
0     4     7.890561     12.054288
0     3     22.064119     7.196041
1     6     23.672445     49.385820
1     5     10.673086     23.389548
2     5     14.074374     17.494873
3     7     3.514969     27.347272
3     5     20.178838     27.548266
7     8     0.959807     38.352138
