9    8    0    3065    462    0    15
12     36     14.721519
22     48     17.887509
25     19     12.731101
10     31     0.987579
18     45     10.419630
34     31     11.814325
1     19     11.674551
24     40     10.614338
33     14     16.273690
0     4     9.683523     13.890994
0     3     12.882626     6.945870
1     6     18.361461     59.273752
1     5     7.956938     21.624084
2     5     4.799799     25.144060
3     7     3.698080     32.240396
3     5     17.273476     38.941046
7     8     22.585223     43.610234
