9    8    0    3166    1831    0    15
12     36     9.297769
22     48     13.015534
25     19     14.241768
10     31     15.371563
18     45     1.724906
34     31     10.924406
1     19     16.074709
24     40     19.794916
33     14     8.886380
0     4     21.953490     15.896333
0     3     4.441969     8.233515
1     6     24.875637     50.603638
1     5     8.445997     26.377210
2     5     14.907529     28.865449
3     7     11.149174     17.052317
3     5     1.605274     36.473662
7     8     2.008881     52.285067
