9    8    0    3020    2677    0    15
12     36     19.528184
22     48     8.509781
25     19     12.304453
10     31     8.258919
18     45     9.698782
34     31     13.515427
1     19     19.522691
24     40     13.534959
33     14     12.182379
0     4     17.276528     14.129924
0     3     9.056368     8.197282
1     6     10.873745     41.656654
1     5     23.642689     38.372633
2     5     19.093905     22.157069
3     7     3.727073     27.790025
3     5     7.602924     33.305064
7     8     22.925504     48.629509
