9    8    0    3137    889    0    15
12     36     11.954711
22     48     9.607837
25     19     5.716727
10     31     12.360607
18     45     10.986053
34     31     19.043550
1     19     14.268624
24     40     6.795251
33     14     15.416730
0     4     23.145238     16.717265
0     3     12.033448     6.009623
1     6     3.980377     66.592447
1     5     9.363842     29.418791
2     5     15.838343     26.249418
3     7     17.153691     32.397717
3     5     22.659230     34.253711
7     8     0.288400     40.595977
