9    8    0    3615    223    0    15
12     36     10.718101
22     48     17.587817
25     19     12.475967
10     31     19.473251
18     45     19.034394
34     31     2.080142
1     19     7.584460
24     40     17.641530
33     14     6.269112
0     4     23.091067     16.278514
0     3     17.694632     9.930129
1     6     0.715659     69.705369
1     5     24.870296     29.493201
2     5     24.097415     22.990793
3     7     24.812311     25.511415
3     5     24.586474     27.944415
7     8     15.691855     44.270609
