9    8    0    3463    1644    0    15
12     36     6.906339
22     48     11.080660
25     19     4.364147
10     31     1.071200
18     45     9.350871
34     31     15.081637
1     19     18.871426
24     40     16.499527
33     14     10.790124
0     4     17.354350     20.197334
0     3     17.795343     9.364375
1     6     14.616840     70.944119
1     5     14.423048     25.642603
2     5     2.581866     25.237545
3     7     12.711722     16.875181
3     5     8.975494     29.597034
7     8     1.295511     29.088788
