9    8    0    3691    6273    0    15
12     36     4.644307
22     48     3.892331
25     19     9.672536
10     31     8.468276
18     45     13.543504
34     31     14.308908
1     19     12.900174
24     40     17.894223
33     14     0.324717
0     4     14.551225     12.587706
0     3     24.148534     5.488849
1     6     11.318552     69.827459
1     5     23.247475     30.867692
2     5     15.664388     25.997236
3     7     20.737327     24.793562
3     5     20.256661     40.369824
7     8     4.863887     50.073348
