9    8    0    3662    1204    0    15
12     36     13.849300
22     48     5.433515
25     19     7.713858
10     31     15.936155
18     45     17.595141
34     31     9.101230
1     19     8.758812
24     40     6.385693
33     14     16.313974
0     4     12.850581     21.430934
0     3     13.246559     7.476249
1     6     15.743736     54.526512
1     5     23.697623     26.131685
2     5     11.493271     21.668231
3     7     1.646474     17.325120
3     5     17.525254     27.778857
7     8     7.496872     43.702126
