9    8    0    3473    469    0    15
12     36     13.122349
22     48     6.039003
25     19     18.917203
10     31     8.397473
18     45     16.617328
34     31     8.954741
1     19     10.007630
24     40     15.493637
33     14     14.576250
0     4     20.355083     18.563127
0     3     9.456923     6.495776
1     6     18.362987     57.454923
1     5     12.314982     29.252224
2     5     8.039338     29.699738
3     7     6.859798     30.631949
3     5     8.702353     42.648631
7     8     1.902829     33.437266
