9    8    0    3480    306    0    15
12     36     6.158025
22     48     1.510056
25     19     15.049287
10     31     3.525498
18     45     17.173986
34     31     9.924009
1     19     7.804804
24     40     4.115726
33     14     0.272835
0     4     2.096622     17.117725
0     3     2.995392     7.940281
1     6     14.705344     66.393353
1     5     0.164037     24.902643
2     5     3.102206     26.486451
3     7     15.598773     30.997698
3     5     3.911710     31.235148
7     8     4.862362     36.140915
