9    8    0    312    2362    0    15
12     36     6.584063
22     48     6.738487
25     19     5.631886
10     31     5.599536
18     45     1.604663
34     31     18.315378
1     19     6.652425
24     40     18.297678
33     14     7.207862
0     4     21.854305     19.546780
0     3     0.006104     6.888742
1     6     11.623737     53.307714
1     5     12.653737     34.580797
2     5     17.091128     16.850491
3     7     23.181097     17.074478
3     5     8.269753     38.154734
7     8     20.748772     47.395182
