9    8    0    3867    2896    0    15
12     36     8.358409
22     48     17.073885
25     19     14.034242
10     31     13.041169
18     45     18.726768
34     31     6.432691
1     19     0.383923
24     40     3.246559
33     14     2.728965
0     4     4.274117     12.035890
0     3     4.854732     8.746731
1     6     6.285287     53.705667
1     5     16.929380     35.449878
2     5     4.340495     17.562688
3     7     4.132969     23.256235
3     5     21.010468     25.347731
7     8     2.120273     48.152954
