9    8    0    3705    91    0    15
12     36     2.479324
22     48     17.387005
25     19     11.615955
10     31     15.071261
18     45     7.284768
34     31     9.886166
1     19     13.410443
24     40     11.697134
33     14     11.731925
0     4     15.646840     17.601062
0     3     0.955229     6.327757
1     6     17.993713     67.002927
1     5     22.290719     37.278841
2     5     7.757042     17.789737
3     7     0.022126     16.647061
3     5     8.517716     34.698098
7     8     20.797601     32.346764
