9    8    0    3729    1321    0    15
12     36     7.181616
22     48     2.059389
25     19     2.276070
10     31     6.007263
18     45     14.864956
34     31     18.563799
1     19     15.392926
24     40     14.909513
33     14     15.007782
0     4     3.475295     21.079628
0     3     16.525773     6.469504
1     6     20.931120     66.638251
1     5     4.090243     41.451531
2     5     21.871853     16.534686
3     7     10.094760     25.524703
3     5     3.180029     29.496002
7     8     15.783410     41.257141
