9    8    0    3697    761    0    15
12     36     2.905972
22     48     16.059450
25     19     16.377453
10     31     6.548051
18     45     1.281777
34     31     15.472884
1     19     5.332194
24     40     5.631275
33     14     3.567614
0     4     22.323527     13.027165
0     3     8.611560     8.826372
1     6     6.856746     51.854294
1     5     23.054445     32.153860
2     5     7.374035     22.297462
3     7     21.043275     27.810588
3     5     21.543779     25.428966
7     8     8.841212     36.862469
