9    8    0    3715    2464    0    15
12     36     11.870479
22     48     11.635487
25     19     13.047273
10     31     3.908811
18     45     4.383068
34     31     18.734092
1     19     13.508713
24     40     10.267647
33     14     3.056734
0     4     8.164464     12.196973
0     3     9.306619     6.070140
1     6     12.616352     38.279837
1     5     22.216712     22.234467
2     5     3.130436     25.183735
3     7     13.849300     23.017040
3     5     10.995056     39.256391
7     8     0.099948     36.654368
