9    8    0    365    43    0    15
12     36     5.150304
22     48     1.758477
25     19     9.559008
10     31     13.431196
18     45     9.552904
34     31     19.290139
1     19     1.817682
24     40     10.881069
33     14     8.157598
0     4     12.147130     18.285073
0     3     18.130284     6.107755
1     6     16.039766     47.527455
1     5     8.172094     21.395181
2     5     11.382641     29.220550
3     7     13.838618     18.129130
3     5     4.961547     32.453589
7     8     19.363231     51.715218
