9    8    0    3577    256    0    15
12     36     16.699118
22     48     6.890469
25     19     3.657338
10     31     16.168096
18     45     5.699637
34     31     19.423200
1     19     10.778527
24     40     10.687582
33     14     4.373302
0     4     8.815271     11.218605
0     3     7.354198     9.159392
1     6     5.696280     46.079323
1     5     7.148198     31.589290
2     5     15.786462     21.330541
3     7     6.105228     32.512025
3     5     8.314768     38.369209
7     8     4.095584     47.061359
