9    8    0    4237    259    0    15
12     36     16.416517
22     48     9.526048
25     19     10.995819
10     31     6.601764
18     45     2.501907
34     31     8.353526
1     19     15.012055
24     40     17.781304
33     14     5.100864
0     4     18.357646     11.979625
0     3     7.518998     10.594767
1     6     22.028260     42.755736
1     5     23.081912     39.042536
2     5     1.989044     27.091080
3     7     9.135716     17.982968
3     5     23.363445     34.088562
7     8     9.360790     32.503448
