9    8    0    4312    1519    0    15
12     36     19.256569
22     48     19.924314
25     19     3.717765
10     31     4.662008
18     45     5.701468
34     31     18.419752
1     19     0.407727
24     40     1.074862
33     14     7.992187
0     4     5.033265     19.545157
0     3     6.163213     10.462084
1     6     8.877071     50.607393
1     5     0.284585     34.303662
2     5     11.339915     19.742495
3     7     8.067568     28.736729
3     5     8.515427     47.157644
7     8     6.846828     53.341165
