9    8    0    4243    322    0    15
12     36     16.630146
22     48     19.503159
25     19     19.277932
10     31     6.911832
18     45     16.718650
34     31     18.422803
1     19     2.194891
24     40     7.453230
33     14     2.251045
0     4     19.041261     21.317025
0     3     8.605457     10.626240
1     6     2.462844     43.850573
1     5     13.889737     40.279312
2     5     21.154668     22.945842
3     7     0.591296     27.458170
3     5     18.487350     40.725075
7     8     3.976562     30.578512
