9    8    0    4190    125    0    15
12     36     19.797357
22     48     19.448836
25     19     6.472365
10     31     18.120060
18     45     3.057955
34     31     4.487442
1     19     13.801080
24     40     8.056887
33     14     19.704581
0     4     10.620441     20.124192
0     3     24.964141     7.872119
1     6     18.546861     36.807885
1     5     4.806665     34.508979
2     5     1.969970     25.858355
3     7     9.234138     26.343732
3     5     3.912473     47.040685
7     8     19.769127     38.581473
