9    8    0    4112    409    0    15
12     36     2.183294
22     48     16.964629
25     19     8.226569
10     31     14.960173
18     45     1.199377
34     31     9.166540
1     19     17.188635
24     40     11.408429
33     14     1.734672
0     4     22.841578     18.640463
0     3     20.852535     6.443202
1     6     19.572283     62.565411
1     5     14.133122     24.596561
2     5     13.844722     28.659704
3     7     10.362560     30.665367
3     5     8.836634     28.475002
7     8     11.871700     37.357919
