9    8    0    4231    740    0    15
12     36     5.027619
22     48     4.416639
25     19     15.213477
10     31     4.084597
18     45     19.225440
34     31     1.929380
1     19     19.270608
24     40     11.385235
33     14     11.134373
0     4     10.112308     18.928139
0     3     6.460005     8.733025
1     6     13.045900     37.124228
1     5     17.619098     20.988622
2     5     9.756767     29.542922
3     7     16.738639     26.487789
3     5     5.217139     37.568403
7     8     20.187231     42.453459
