9    8    0    434    352    0    15
12     36     2.009339
22     48     16.060671
25     19     4.601581
10     31     6.692709
18     45     7.889645
34     31     0.042726
1     19     11.889401
24     40     14.818567
33     14     10.460524
0     4     0.933866     16.202871
0     3     20.941038     10.016930
1     6     3.279977     62.501609
1     5     12.372204     27.715124
2     5     4.689932     17.758965
3     7     17.678610     20.114159
3     5     0.231178     24.111863
7     8     1.481674     38.421760
