9    8    0    4540    148    0    15
12     36     13.109531
22     48     9.563280
25     19     19.295022
10     31     10.193793
18     45     15.095676
34     31     3.949705
1     19     7.634510
24     40     13.054598
33     14     15.723746
0     4     19.853816     20.977360
0     3     7.566301     7.560498
1     6     10.198523     40.200357
1     5     0.386059     32.373514
2     5     11.873226     24.602076
3     7     14.841151     25.829418
3     5     5.410932     41.630907
7     8     12.517930     54.961945
