9    8    0    4770    5    0    15
12     36     5.180822
22     48     14.147771
25     19     19.015473
10     31     13.002716
18     45     3.577990
34     31     9.308145
1     19     4.545427
24     40     17.166662
33     14     7.455672
0     4     15.841395     13.574402
0     3     21.443068     8.503472
1     6     10.178686     48.517000
1     5     21.721549     35.602600
2     5     8.229316     19.717548
3     7     9.648427     24.221912
3     5     11.997589     25.616560
7     8     4.308451     35.027104
