9    8    0    4518    390    0    15
12     36     18.539995
22     48     15.978271
25     19     5.229652
10     31     16.945097
18     45     0.879543
34     31     9.361858
1     19     0.469375
24     40     15.250710
33     14     3.303934
0     4     2.283547     17.439199
0     3     10.733360     5.894284
1     6     0.225837     61.924207
1     5     4.008606     35.519979
2     5     13.023011     22.193544
3     7     0.952940     31.395313
3     5     1.560259     32.787277
7     8     16.102329     51.632999
