9    8    0    4558    6429    0    15
12     36     6.568804
22     48     4.770043
25     19     12.637104
10     31     16.108890
18     45     11.031831
34     31     0.587176
1     19     7.917722
24     40     11.013520
33     14     17.240516
0     4     12.128819     11.158375
0     3     19.785913     9.773903
1     6     7.597583     36.175750
1     5     2.430036     37.596543
2     5     8.787042     19.291065
3     7     7.666250     19.005182
3     5     23.131504     34.759329
7     8     5.067598     29.052107
