9    8    0    4610    1742    0    15
12     36     10.459304
22     48     10.505692
25     19     12.667013
10     31     15.948973
18     45     16.797998
34     31     12.195807
1     19     12.080447
24     40     4.458754
33     14     10.434889
0     4     19.431135     14.616066
0     3     4.975280     6.848905
1     6     23.416089     68.003840
1     5     12.782678     25.842462
2     5     13.389233     17.300222
3     7     9.638508     32.821832
3     5     1.623585     29.722293
7     8     21.150090     43.395040
