9    8    0    4754    697    0    15
12     36     5.880306
22     48     16.048463
25     19     19.193701
10     31     11.185034
18     45     13.809626
34     31     11.493881
1     19     7.698599
24     40     3.530992
33     14     16.040529
0     4     10.551775     13.428551
0     3     1.996673     7.153035
1     6     0.762963     47.686542
1     5     11.808374     21.702952
2     5     14.197211     23.601489
3     7     15.290536     19.554071
3     5     5.237739     34.760939
7     8     14.196448     31.869851
