9    8    0    4405    1008    0    15
12     36     8.924223
22     48     13.502609
25     19     15.299539
10     31     12.794580
18     45     13.201086
34     31     18.646809
1     19     16.290780
24     40     9.494308
33     14     17.247841
0     4     5.724509     11.426272
0     3     3.440199     6.738560
1     6     2.366710     62.931229
1     5     13.727989     27.492631
2     5     14.635151     26.117340
3     7     16.212195     20.878906
3     5     8.291879     47.828686
7     8     0.001526     34.668391
