9    8    0    4469    982    0    15
12     36     14.606769
22     48     13.954283
25     19     7.951292
10     31     13.303629
18     45     14.814295
34     31     8.782006
1     19     7.777337
24     40     8.907132
33     14     18.738365
0     4     21.098972     13.392883
0     3     9.586627     6.769056
1     6     6.643880     66.148186
1     5     19.200720     28.005229
2     5     8.959471     25.149217
3     7     4.064302     24.382732
3     5     23.100986     44.501365
7     8     22.946104     44.601933
