9    8    0    4435    123    0    15
12     36     5.816828
22     48     13.399457
25     19     19.994507
10     31     17.211829
18     45     9.463790
34     31     6.258126
1     19     9.431440
24     40     6.617634
33     14     2.823572
0     4     21.584216     11.693560
0     3     19.598987     8.172628
1     6     15.544603     55.360937
1     5     5.676443     35.937525
2     5     20.060579     22.986189
3     7     4.000214     24.950279
3     5     14.106418     26.525430
7     8     5.909146     27.626074
