9    8    0    4639    940    0    15
12     36     5.419477
22     48     7.683950
25     19     5.761895
10     31     0.343028
18     45     9.872127
34     31     12.315439
1     19     9.346599
24     40     2.818690
33     14     5.762505
0     4     7.081820     11.511075
0     3     16.624958     9.036087
1     6     22.168645     44.126851
1     5     5.403302     24.743533
2     5     11.458937     28.557948
3     7     22.431867     27.199828
3     5     0.328074     26.708352
7     8     2.007355     54.655004
