9    8    0    4794    270    0    15
12     36     13.102206
22     48     12.443617
25     19     18.142644
10     31     12.991119
18     45     13.263344
34     31     6.029847
1     19     12.870876
24     40     9.258095
33     14     2.361522
0     4     9.076205     17.807624
0     3     21.140934     7.910956
1     6     17.455824     57.437490
1     5     22.044282     38.856261
2     5     17.022462     29.789091
3     7     0.323496     22.180837
3     5     24.796289     40.090835
7     8     3.482925     31.277826
